0.019983374	-0.047055134	0.0741743594	-0.2473401069	0.0528540746	-0.0156016437	0.0845140955	0.0845101058	0.0845034564	0.0844941474	0.0844821793	0.0844675524	0.101468	-0.0418883	0.0417144	0.000664363	-0.00113931	0.000631561	0.0	-1.1262003458474157	-0.4262841159836322	-2.061021770525676	0.6284291549331565
0.1191787353	-0.0430904514	-0.0560478632	-0.1504233685	0.0627988327	-0.0255807152	0.0845034564	0.0844675524	0.0844077238	0.0843239875	0.0842163671	0.0840848933	0.0217443	-0.0398066	0.000152018	-0.000170443	-0.00123497	-6.52875e-05	0.204733507	-1.5305585572634086	-0.2425524586080404	-0.4822628935347847	-0.3368805119932537
-0.0464975472	-0.0226685846	-0.1080992892	-0.0568247756	0.0250311718	-0.0907577289	0.0844821793	0.0843824671	0.0842163671	0.0839840102	0.0836855791	0.0833213086	0.0101188	-0.0413997	-0.00857242	-0.000251229	-0.000899925	0.0	0.045998963	-1.841863511023916	1.219757272913218	1.3658026000753998	-0.326019008445101
-0.101102412	-0.0498799391	-0.0107104304	-0.0905725974	-0.1481800886	0.0027483891	0.0844502671	0.0842548926	0.0839296032	0.0834749003	0.0828914853	0.0821802575	0.0101714	-0.00450368	0.0189404	0.000341981	-0.0007672189999999	0.0	0.10075724	-1.2547065258839167	0.0207217769169537	-0.4835931692940458	0.0783413678727752
0.0448062326	-0.1186993294	0.0317443806	0.0256053214	-0.0593092715	-0.0153374853	0.0844077238	0.0840848933	0.0835477567	0.0827976831	0.0818365842	0.0806669094	-0.0234254	-0.000628565	-0.0844363999999999	0.000662559	-0.000559358	-0.000279327	0.1812370149999999	-1.7442553662962947	-1.7714266817350484	-0.0050466790660152	0.1670294160598698
0.08195228	0.0579915554	-0.0541047421	0.0723064016	-0.0064076835	-0.0267926159	0.0843545547	0.0838725547	0.0830712604	0.0819537224	0.0805241949	0.07878812	-0.00177994	0.0135939	-0.0792611	0.0	-0.0007672189999999	-0.000179874	0.0895368749999999	-2.2184364286749347	-0.0879228290770194	0.0762708120251396	-0.221330991705308
-0.0683521021	-0.0077054498	-0.0326207942	0.0086190857	-0.0155443609	-0.0362273366	0.0842907664	0.0836179837	0.0825006541	0.0809447178	0.0789584467	0.0765524007	0.0289965	0.0228765	0.00862652	0.000361191	-0.000870022	0.000285878	0.17443396	-1.438457557478799	1.4501127114864685	0.3610444245886544	-0.049021419471104
0.0313084047	-0.0760880623	0.0747903561	-0.0240282108	-0.0207757762	0.050041981	0.0842163671	0.0833213086	0.0818365842	0.0797727013	0.077144266	0.0739698799	-0.00885875	0.0155064	-0.0177791	0.000256664	-0.0007672189999999	0.0	0.0962913699999999	-1.3182329032410331	-2.242718176463758	-0.9889113187577804	-0.0299029839044303
0.0546549834	0.0026659993	-0.0517391389	0.035811816	-0.1098066409	0.0379847751	0.0841313661	0.0829826787	0.0810798029	0.0784400331	0.0750873609	0.0710522571	-0.0293538	-0.000939915	-0.0578126	0.000635916	-0.0007672189999999	-0.000168051	0.104340015	-1.6562760780615953	1.1249467610026256	-0.3755725861815893	-0.0795582786825287
-0.0255356373	-0.0069589708	-0.0544325106	0.0596656504	-0.0652016118	0.0961796708	0.0840357741	0.0826022645	0.0802311677	0.0769493972	0.0727942032	0.0678127497	-0.0384201	-0.000968588	-0.0393551	-2.6469800000000003e-23	-0.000436886	-0.000283538	0.081639273	-1.566942655119595	-1.203087452749198	0.9864483804022902	-0.6784084968214932
0.0609568773	0.0177278965	0.0161074162	-0.0751410488	-0.1054529035	-0.0116160377	0.0839296032	0.0821802575	0.0792916399	0.0753037955	0.0702720081	0.0642660337	-0.0244618	-0.0321422	0.0500481	-9.88313e-05	-0.0007672189999999	-0.000286258	0.1561293269999999	-1.113841920475417	0.3450733734828475	-1.960943641365149	-0.4873399273901503
0.0088148455	0.0986492983	-0.0456020162	0.0557800022	-0.046836314	-0.0829520039	0.0838128666	0.0817168704	0.078262284	0.0735065419	0.0675287111	0.0604281765	-0.0244673	-0.00139388	0.0085115	9.48113e-06	-0.0007672189999999	-0.000180625	0.0829876915	-1.3383275253394364	0.9070708162365376	0.7876024327617066	-0.1134788210437381
0.0004554324	-0.050898991	-0.0466856055	-0.0216274679	-0.0526034722	-0.0143644655	0.0836855791	0.0812123363	0.077144266	0.071561256	0.0645729439	0.0563165645	-0.0360978	-0.018918	-0.000380514	-7.815979999999998e-05	-0.000386921	-0.000365602	0.0706924305	-1.5291170550190631	0.9074193769512788	0.8167231847480704	-0.783307235834856
-0.0584940765	-0.0422181688	0.0586628932	0.1752663594	0.1042861791	-0.0122663141	0.0835477567	0.0806669094	0.0759388526	0.0694718551	0.0614140063	0.0519498245	-0.0415066	-0.0273787	-0.053311	-0.000516362	-1.77187e-05	-0.000443038	0.1110420109999999	-1.862641990127946	0.2371803207996317	-0.4295555650385471	-1.054879076625462
-0.0026015327	0.0987032601	-0.0388312187	-0.0058553193	-0.0661952921	0.065718313	0.0833994168	0.0800808642	0.0746474093	0.0672425473	0.0580618375	0.0473477387	-0.0168962	0.0104789	0.0345784	0.000569951	-0.000539073	0.000244751	0.265130215	-0.8349280178673983	0.2079799250284534	1.3670065332892989	-0.1864485457489272
-0.0856066269	-0.0404089929	-0.0272554219	0.0468266507	0.0732608202	0.0065720083	0.0832405781	0.079454496	0.0732713992	0.0648778218	0.0545269847	0.0425311559	-0.0454886	-0.0126279	0.0193965	0.000151584	-0.000754282	-0.000443038	0.13294935	-1.0144942752502395	1.1024259685283702	0.0362298046374896	-0.4603640021719328
-0.0109067343	-0.060571695	0.0658454902	0.093319017	0.0331843589	0.0729157417	0.0830712604	0.07878812	0.0718123811	0.0623824411	0.0508205698	0.0375218963	-0.049643	-0.0345928	-0.0519778	-0.000225876	-6.01452e-05	-0.000334526	0.15649904	-1.6812130835770764	-1.8090966178415069	-0.368817936417264	-0.8063982666604885
0.0234109186	0.1268944281	-0.0058609704	-0.0120676503	0.0427144775	-0.0190647279	0.0828914853	0.0780820718	0.0702720081	0.0597614305	0.0469542546	0.0323426531	-0.0126364	0.00991048	0.0648463	-1.58549e-05	-0.000512383	-0.000244462	0.235950125	-0.9280718280981858	0.649720704337892	0.3455449451852435	-0.3895133641674971
-0.0588047754	-0.0182685386	-0.0654886709	0.0219127542	-0.0697794008	0.0470828197	0.0827012752	0.0773367069	0.068652025	0.0570200682	0.042940204	0.0270168896	-0.0241997	0.00193689	-0.0134848	0.000356983	-0.000293034	-0.000443038	0.1374061349999999	-1.1918384982819792	1.0845904613630597	1.3117352678596426	-0.0670389210380032
-0.0536492694	-0.0522189204	0.0488454935	0.056160282	-0.0311868703	0.0586337625	0.0825006541	0.0765524007	0.0669542672	0.0541638752	0.0387910476	0.0215687329	-0.0292167	-0.00384609	-0.0135213	-0.000192488	-7.88929e-06	-0.000366261	0.0564061154999999	-1.400244594838178	-1.218940786563295	-0.345832577038956	-0.7940398458407936
0.062993133	-0.020840502	0.1022938464	0.0042021521	0.0101313564	0.025300991	0.0822896473	0.075729548	0.065180658	0.0511986033	0.0345198402	0.0160228644	-0.00180766	-0.00682981	-0.00749726	-0.000111697	-0.000178179	-0.00019315	0.0576263855	-1.3520358245168524	-0.9367138520525776	-1.24631911290959	-0.5505997122787558
0.0218048009	0.1385643393	0.0796389048	0.0174846027	0.0782092239	-0.1910628248	0.0820682814	0.0748685632	0.0633332067	0.0481302242	0.0301400206	0.0104044083	0.0400232	0.0153274	0.0359688	0.000128405	-0.000428554	2.68414e-05	0.14297755	-0.9749235569032186	-0.9904710222884656	-1.0597263853723675	0.2468327393317318
0.0531443197	-0.0647496711	-0.0157780973	0.0363273529	0.1070263771	0.0232034069	0.0818365842	0.0739698799	0.0614140063	0.0449649173	0.0256653693	0.0047388177	-0.0171463	-0.0508397	-0.0392745	0.000146956	-7.88929e-06	-0.000443038	0.2440346555	-1.8076737441058932	1.5679067851619393	-1.420622585989224	-0.5480814033632347
-0.0456991835	-0.0364998998	0.0080640936	0.0242028882	0.0540670628	0.0420990263	0.0815945848	0.0730339505	0.059425231	0.041709057	0.0211099653	-0.000948241	0.027376	-0.0285926	-0.0363632	0.000138	-7.88929e-06	0.00015091	0.0998259	-1.6705184452010096	-0.1637076337107104	-0.335998706631846	0.094651100333895
0.0494414646	0.1075393607	0.0128649951	-0.0537028438	-0.0248916774	0.0168855521	0.0813423138	0.0720612463	0.0573691338	0.0383692002	0.0164881416	-0.0066310039	0.0339196	0.0191696	0.0393884	3.62213e-05	-0.000523509	-6.41621e-05	0.1716809254999999	-1.0886944226699764	-0.0905522311871968	-0.7163428331458556	-0.1548781415706922
0.0657335171	-0.0227529733	-0.0557280491	0.0077130221	0.058314035	0.0238527907	0.0810798029	0.0710522571	0.0552480441	0.034952073	0.01181444	-0.0122837266	0.00824179	-0.0177843	-0.0387685	0.00028689	-7.88929e-06	-0.000188044	0.1852971255	-1.749386633952289	0.5203763836325662	-0.156592328414059	-0.1733175954164371
0.0228636279	0.0570360682	-0.048887623	0.1558466935	0.0344497912	-0.0498435837	0.0808070852	0.0700074909	0.0530643648	0.0314645569	0.0071035659	-0.0178808011	0.03001	-0.0331731	-0.103499	2.44591e-05	-7.88929e-06	0.000213335	0.1350780049999999	-2.246297892841031	0.7761027843354963	0.4954271388152778	-0.0138945544544919
-0.0587538668	0.0128986068	-0.002403329	-0.0114657684	0.0143775401	-0.1063571506	0.0805241949	0.0689274738	0.0508205698	0.0279136754	0.0023703413	-0.023396871	0.0621474	0.00284841	0.019399	-2.73851e-05	-7.88929e-06	0.000196718	0.19447997	-1.3521931859486074	0.1284579091398129	0.3476812565650236	0.2474966121643864
-0.0600384882	-0.0303539301	0.1505413387	-0.065460907	0.0394110501	-0.0898066447	0.0802311677	0.0678127497	0.048519201	0.0243065795	-0.0023703413	-0.0288069473	0.0933014	0.00815358	0.0411663	-0.000105195	-0.00018116	0.000468549	0.0843720505	-1.1554604041798582	-1.3510194535358746	-1.9797543746452857	0.4052243856488752
0.0296981547	-0.0481402921	0.040803623	0.027041623	0.1010997058	-0.0026531197	0.0799280405	0.0666638799	0.0461628656	0.0206505334	-0.0071035659	-0.0340865209	0.0346633	-0.0341316	-0.039495	-8.77847e-05	-0.000351963	-0.000100015	0.219423445	-1.70167837359462	-1.0889600549694356	-0.237919906060934	-0.2595241482796355
0.026926123	0.0404429528	-0.0463033156	0.0749748031	0.0278704104	0.0444286479	0.0796148514	0.0654814427	0.0437542331	0.0169528998	-0.01181444	-0.039211674	0.00427872	-0.0400131	-0.0431076	0.00010958	-7.96942e-05	-9.04536e-06	0.067908837	-1.8305127755751207	-0.1697026708578071	1.2314551971762164	-0.1157809213306924
-0.1129685974	-0.0369163172	0.0554138528	-0.0390936136	0.0264297562	0.0499322117	0.0792916399	0.0642660337	0.0412960321	0.0132211254	-0.0164881416	-0.0441591885	0.0254456	0.0115761	0.027627	4.48168e-05	-0.000413516	-0.00027243	0.176589162	-1.059507847215434	0.16105213223144	-1.016019743536737	-0.003973971771783
0.065083847	-0.0293072888	0.0873967467	0.0357555449	-0.0624422144	0.1192090004	0.0789584467	0.0630182648	0.0387910476	0.0094627253	-0.0211099653	-0.0489066508	0.0146435	0.0115374	-0.0729913999999999	0.000336753	0.000147467	-0.000443038	0.1626355599999999	-1.4872901496866493	-2.4951282664776704	-0.6461151320730372	0.2516189096229792
0.0658953183	0.0034422842	-0.0053999706	-0.0300440165	-0.0729889184	-0.0212037189	0.0786153136	0.0617387643	0.0362421173	0.0056852686	-0.0256653693	-0.0534325538	0.0287123	0.0115369	-0.0527876	0.00034365	-0.00012098	-0.000225788	0.0589028	-1.5771302793785702	0.1199371756192632	-1.0965572000823558	0.2102058640496763
0.0659532324	0.0395128024	-0.0295707287	0.0478479267	0.0871062669	-0.0028737285	0.078262284	0.0604281765	0.0336521289	0.0018963626	-0.0301400206	-0.0577163939	0.037858	0.00611789	-0.0678172	0.000327955	-0.000303681	-4.67046e-05	0.0484682799999999	-1.902037050913244	0.9164256451258952	0.3239825228127584	0.1133464074445174
-0.0542638358	0.1193470374	-0.0453472502	-0.0572294825	0.020216851	-0.0042703141	0.0778994022	0.0590871613	0.0310240166	-0.0018963626	-0.0345198402	-0.0617387643	0.0929872	0.0426989	0.0651125	0.00027509	-0.000308367	0.000250668	0.24238609	-0.969074361831584	1.3406190781360363	1.6042961975245515	0.5398283660978704
0.0314212285	0.0095515298	-0.0053971422	-0.0424744934	0.1933102489	0.0095333722	0.0775267139	0.0577163939	0.0283607577	-0.0056852686	-0.0387910476	-0.0654814427	0.0569527	-0.0162123	0.00445907	-3.86954e-05	-0.000332724	3.05699e-05	0.183511155	-1.4831507366078105	0.6763787504594998	0.2171369767842788	-0.1047789129749401
0.0798257098	-0.0271721857	-0.0016688062	0.0048276179	0.0773278076	0.1325975963	0.077144266	0.0563165645	0.0256653693	-0.0094627253	-0.042940204	-0.0689274738	0.0182582	-0.0361842	-0.107138	0.000317437	1.96311e-05	-0.000254794	0.21995604	-2.069402485940359	1.317486232245971	-1.332748499981424	0.0942653340320804
-0.0736082827	0.0515942398	-0.0070051506	-0.0162554799	-0.0230976789	0.1218743267	0.0767521067	0.0548883781	0.0229409051	-0.0132211254	-0.0469542546	-0.0720612463	0.0168512	-0.00190249	0.0376069	0.000359547	-0.000227102	-0.00021852	0.196689465	-1.0157246118798662	0.3903921566011364	0.7827927320482979	-0.2439323465246995
-0.1231487575	-0.020985107	0.0020859172	-0.0578848123	-0.1364170699	-0.0265381792	0.0763502854	0.0534325538	0.0201904515	-0.0169528998	-0.0508205698	-0.0748685632	0.0249539	0.0080617499999999	0.0349289	0.000349201	-0.000227102	-0.000443039	0.03248819	-1.0635129974929116	0.4176323328997801	-0.4978941004374086	0.0346549013375127
-0.0099434664	-0.0105089052	0.0032976442	-0.000970272	-0.1205191433	-0.05194798	0.0759388526	0.0519498245	0.0174171245	-0.0206505334	-0.0545269847	-0.0773367069	0.0168526	-0.0055535	-0.0355291	0.000757029	-0.000487652	-0.000443039	0.12559345	-1.5771341826239769	-0.5290212518367995	0.2220277564420298	0.4009832938733688
0.0495133653	0.0141532867	0.117895425	0.0644764209	0.0017198279	-0.1200609685	0.0755178601	0.0504409369	0.014624066	-0.0243065795	-0.0580618375	-0.079454496	-0.00548711	-0.0244521	-0.0444481	0.000564754	-0.000417716	-0.000443039	0.06326786	-1.6157507406321128	0.9355738475707688	-1.765643254668254	0.1254185238700014
-0.02911945	0.0465486151	-0.0639876531	0.0103448649	-0.0345664142	0.115360713	0.0750873609	0.0489066508	0.01181444	-0.0279136754	-0.0614140063	-0.0812123363	0.0227003	-0.0188081	-0.0230145	0.000303443	-0.000382289	-0.000198502	0.08232876	-1.502715871030239	0.8246520724873228	1.846737069349674	-0.0892411817949838
-0.1594381033	0.0210521921	0.0848812415	0.0168690455	-0.0424199847	-0.133109292	0.0746474093	0.0473477387	0.0089914297	-0.0314645569	-0.0645729439	-0.0826022645	0.0362494	-0.0188497	0.0159458	0.0004339	-0.000643269	2.99861e-05	0.083547255	-1.1953376040173496	0.1934180378523348	-1.0813866374236991	0.3862604226577594
0.010810786	-0.0842952679	0.0060813114	0.0714567734	0.0717931344	0.1003217456	0.0741980605	0.0457649856	0.0061582331	-0.034952073	-0.0675287111	-0.0836179837	-0.0073540999999999	-0.0573995	-0.0844271999999999	0.000313632	-8.111459999999998e-05	-0.000443039	0.240298675	-1.8383503802499848	-1.9094369430596776	0.4861221304163466	-0.4129291651657636
0.0194223392	0.112532938	0.0359364465	-0.0370084449	-0.0213515663	-0.0023629364	0.0737393713	0.0441591885	0.00331806	-0.0383692002	-0.0702720081	-0.0842548926	0.0256992	-0.0266763	-0.0018701	0.000342279	-8.822759999999998e-05	-0.000235631	0.158492	-1.2720004990710063	-0.0241474175864418	0.4354285685349644	0.196877750988232
-0.0992101343	-0.0002682056	-0.0290004626	-0.0788730626	0.1113513414	0.0193801183	0.0732713992	0.0425311559	0.0004741279	-0.041709057	-0.0727942032	-0.0845101058	0.0459534	-0.00232894	0.0232698	0.0007382619999999	-0.000353937	-0.000269969	0.1045429799999999	-1.1019279202648482	1.5704736297201132	0.9095654804938388	0.1993468778930356
-0.0154179255	-0.0164287122	0.0695134923	0.075100994	-0.0305854005	0.0436695638	0.0727942032	0.0408817076	-0.0023703413	-0.0449649173	-0.0750873609	-0.0843824671	0.0196372	-0.0198606	-0.0929759	0.000563328	0.000119519	-0.000307803	0.19440476	-1.6005439557202683	-2.4151176425766447	0.1773346192663578	0.4980012117650061
0.1093216222	-0.000345408	-0.0551527939	-0.050644497	-0.0430394725	0.0714528205	0.0723078435	0.039211674	-0.0052121252	-0.0481302242	-0.077144266	-0.0838725547	0.00458627	-0.0126863	-0.0582325	0.0008100959999999	-0.000187146	-0.000626523	0.10057628	-1.5303749630607806	0.296317991344418	0.0974186365360574	0.0624208929188276
-0.0272129032	0.0677026312	-0.0048212898	0.0088365436	0.0745658338	0.0552183669	0.0718123811	0.0375218963	-0.0080480044	-0.0511986033	-0.0789584467	-0.0829826787	0.0196359	-0.00984258	0.00651378	0.000211194	-0.000159215	-0.000443039	0.12315548	-1.1480916282583604	1.0244475703751637	1.564861527261502	-0.063629802964266
-0.074169928	0.0330974902	-0.0626498704	-0.0202740722	0.1293017783	-0.1116077523	0.0713078786	0.0358132251	-0.0108747661	-0.0541638752	-0.0805241949	-0.0817168704	0.0270185	-0.0154017	0.00192738	0.000510611	-8.82277e-05	-0.000244364	0.045982085	-1.3169354441643493	1.1085398324050864	1.4125776164524846	0.2981546059579611
-0.0225496145	-0.0202857157	-0.0069351244	0.101543189	0.0463192036	-0.0339179514	0.0707943994	0.0340865209	-0.013689208	-0.0570200682	-0.0818365842	-0.0800808642	0.0507367	-0.0413574	-0.119767	0.00055231	-0.000315533	-0.000304662	0.187833395	-2.2387091765863016	-1.3185744446531926	1.06560730879173	0.4879051456534916
-0.0068527245	0.1238771074	0.0103275335	-0.0494463481	-0.0132264487	-0.020181562	0.0702720081	0.0323426531	-0.0164881416	-0.0597614305	-0.0828914853	-0.0780820718	0.0947024	0.00900973	0.0460534	0.000188917	-0.000449898	0.000196548	0.31010163	-1.0055795978786557	0.0105204332708883	0.9684575927126164	0.5901070380987544
-0.0800663847	-0.0095716918	-0.0656275517	-0.123016457	0.0530665026	-0.1881851565	0.0697407705	0.0305824998	-0.019268396	-0.0623824411	-0.0836855791	-0.075729548	0.0764065	-0.017121	-0.004205	0.00100195	-0.000544836	-0.000187372	0.1592795799999999	-1.2788638157536123	1.5468929886016796	1.3442280128559292	0.9278246829209462
0.0090659679	0.0067748715	-0.0099352605	0.1080195896	0.0173257499	-0.004078549	0.0692007534	0.0288069473	-0.0220268217	-0.0648778218	-0.0842163671	-0.0730339505	0.0348072	-0.0474606	-0.119583	0.000692081	-0.000544836	-0.000443039	0.2155937	-1.9752136057829697	-0.963156951656398	0.6103448646238196	0.3819340651017738
0.0640842212	0.0265227235	0.0798034732	-0.0830349013	0.0139130032	-0.012150552	0.068652025	0.0270168896	-0.0247602935	-0.0672425473	-0.0844821793	-0.0700074909	0.0503626	-0.0244796	-0.0125751	0.000943765	-0.000544836	-0.000541534	0.1630532499999999	-1.118327624867655	0.5088235343604113	-2.1868949100110697	0.975834015523408
0.0312833985	0.07207794	-0.0699547285	-0.0688653801	-0.1194915951	-0.0649421602	0.0680946541	0.0252132281	-0.0274657147	-0.0694718551	-0.0844821793	-0.0666638799	0.0397458	-0.00940542	-0.0574751	0.00138624	-0.000706391	-0.000584584	0.10294498	-1.1290005465410369	1.0290748525828448	1.2761487741354671	1.5582086685050467
0.0565293532	-0.0214844103	-0.0262132368	-0.0072827444	-0.0734895528	0.0001015008	0.0675287111	0.023396871	-0.0301400206	-0.071561256	-0.0842163671	-0.0630182648	0.0248668	-0.0218521	-0.0796424	0.00174268	-0.000544836	-0.000684519	0.0803894799999999	-1.361261496853973	-1.949576939652213	1.1178984216614074	1.4600708910994882
0.0684662647	0.0127085044	-0.0317727514	0.0518548983	0.0221389834	-0.0139165532	0.0669542672	0.0215687329	-0.0327801813	-0.0735065419	-0.0836855791	-0.0590871613	0.00414319	-0.0342264	-0.113087	0.00133331	-0.000672226	-0.000850144	0.1016617599999999	-1.6618770242854437	0.2865201640280886	-0.1806602367242715	0.8484192662254785
0.0034386861	-0.0605120621	-0.078354483	-0.1175558813	-0.0728585921	0.0535024947	0.0663713945	0.0197297343	-0.0353832058	-0.0753037955	-0.0828914853	-0.0548883781	0.0351462	-0.0385965	-0.0245423	0.0012394	-0.00048928	-0.000596677	0.1504339599999999	-1.2240586434926377	1.258689582950962	0.8426287224608544	0.9444829771667876
-0.1195097798	0.0526413403	-0.0232019424	0.0567657329	-0.1832448715	0.0391377694	0.0657801667	0.0178808011	-0.0379461454	-0.0769493972	-0.0818365842	-0.0504409369	0.0220441	-0.0114252	-0.0438019	0.00175507	-0.0008916889999999	-0.000850143	0.11811025	-1.1009915899706946	-0.126125970977539	1.2060524305262137	1.6677052617161858
0.0253252118	-0.0939705101	-0.0408827292	-0.0945098749	-0.0032579114	-0.074789978	0.065180658	0.0160228644	-0.0404660964	-0.0784400331	-0.0805241949	-0.0457649856	-0.00514661	-0.0379696	-0.0768974	0.00138624	-0.0008186699999999	-0.00111101	0.12196641	-1.2355842633332368	-0.1440138266511481	-0.411260512110885	1.0573382918407137
0.1018292632	0.0240794812	0.0087593523	0.0550926231	0.0404588827	0.0123860603	0.0645729439	0.0141568597	-0.042940204	-0.0797727013	-0.0789584467	-0.0408817076	-0.0107614	-0.0520243	-0.143553	0.00154952	-0.000544836	-0.0014307	0.12416529	-1.9144863519340416	0.8067318752314634	-1.5198676167673997	1.2221179486938747
-0.0839367747	0.0157380433	-0.0190414899	-0.0452909152	-0.0644081684	0.07153282	0.063957101	0.0122837266	-0.0453656653	-0.0809447178	-0.077144266	-0.0358132251	-0.0086179299999999	-0.0034128	0.00263389	0.00155383	-0.000971466	-0.00125657	0.22719536	-0.6975208465445615	1.0366168287044255	0.5577392418923641	1.1302709599420366
6.24085e-05	-0.144744855	0.0127510956	0.0013237161	0.0231881466	0.0052673498	0.0633332067	0.0104044083	-0.0477397327	-0.0819537224	-0.0750873609	-0.0305824998	-0.0619862	-0.0558301	-0.12622	0.00161508	-0.00098477	-0.0014307	0.24707366	-1.3946724830905604	-0.8601995637825125	-1.1106801440631469	0.7211793854054226
0.020041207	-0.0831912108	0.0499367143	-0.0602221529	-0.05359309	0.0328765218	0.0627013396	0.0085198511	-0.0500597165	-0.0827976831	-0.0727942032	-0.0252132281	-0.0360563	-0.0516452	-0.0418478	0.00133894	-0.000755136	-0.00119799	0.1514112	-1.0192704246287745	-0.6482061792141132	-0.7080634158450717	0.7468863794905486
0.0552554031	0.0468949699	0.1057361111	0.0625766109	-0.136950804	0.0036787778	0.0620615793	0.0066310039	-0.0523229885	-0.0834749003	-0.0702720081	-0.0197297343	-0.0492795	-0.0279537	-0.0766445999999999	0.00172988	-0.000984771	-0.0014307	0.1143757499999999	-0.8835427709916756	-2.683996071082974	-0.867030501138335	1.275518831681712
0.0844788697	-0.0230327622	0.0013275826	-0.0118696093	0.0210933305	0.0023592128	0.0614140063	0.0047388177	-0.0545269847	-0.0839840102	-0.0675287111	-0.0141568597	-0.104587	-0.0566333	-0.0766436999999999	0.00157503	-0.000984771	-0.00205736	0.1230635	-0.8482505858174557	1.1503073169507247	-1.099554868718417	0.4002397058176637
-0.001190394	-0.0098308486	-0.0964172413	0.1523730817	-0.0094146111	0.0444445446	0.0607587021	0.0028442454	-0.0566692081	-0.0843239875	-0.0645729439	-0.0085198511	-0.0883106	-0.0666245	-0.12492	0.00159586	-0.000467569	-0.00180186	0.1142205	-1.4285683697950715	0.8466325272547087	1.629988267672018	0.579711495778879
-0.1144829832	0.0137175452	0.0448094537	-0.0124799996	-0.0648215004	-0.0703007264	0.0600957491	0.000948241	-0.058747232	-0.0844941474	-0.0614140063	-0.0028442454	-0.0557876	-0.00218028	0.024088	0.000858101	-0.0010212	-0.00120718	0.34027872	-0.6186849522089835	0.1652616479324381	-0.8601474013417029	0.3717807566974578
-0.0637754885	-0.0411725232	-0.0102730177	-0.0832766516	0.104326987	-0.0831331539	0.059425231	-0.000948241	-0.0607587021	-0.0844941474	-0.0580618375	0.0028442454	-0.067614	-0.0246315	0.00644393	0.000920282	-0.0010142	-0.00158158	0.07410074	-0.6586292185001345	0.1673168359436737	-0.0342517574877121	0.2426117604932839
-0.0054818946	-0.0603046971	-0.0191540224	0.0735225522	0.0421406377	-0.0318576372	0.058747232	-0.0028442454	-0.0627013396	-0.0843239875	-0.0545269847	0.0085198511	-0.12308	-0.0596777	-0.0981911	0.00106538	-0.000556104	-0.00189694	0.24107493	-1.1819817817458194	-0.1771747371676617	-0.2671184671994606	-0.1285479294058182
0.155173636	-0.0382006285	0.0212361374	-0.1031806555	0.0035668849	0.0519341226	0.0580618375	-0.0047388177	-0.0645729439	-0.0839840102	-0.0508205698	0.0141568597	-0.109044	-0.0391836	-0.0455863	0.00110061	-0.000671832	-0.00189694	0.0946827999999999	-0.7086814192115646	0.5471324541027154	-1.7981929743487168	0.0630481010719849
-0.0531099179	0.1096141736	-0.059124808	0.0155564291	0.0198708947	-0.0177569746	0.0573691338	-0.0066310039	-0.0663713945	-0.0834749003	-0.0469542546	0.0197297343	-0.0724695	0.01108	-0.00335033	0.00136398	-0.00101421	-0.00152845	0.17778597	-0.5062469556036169	1.7014081452019516	1.2387520065852642	0.5755081378507213
0.0784037413	-0.026075082	-0.0594822032	-0.0220321511	0.1001387678	0.0490257146	0.0566692081	-0.0085198511	-0.0680946541	-0.0827976831	-0.042940204	0.0252132281	-0.145405	-0.0649728	-0.0576614	0.00109384	-0.00101421	-0.00239221	0.25999437	-0.8394355488760511	0.8935935788729974	0.5167365681321919	-0.4899643316952965
-0.0631457383	0.0077129258	-0.0792454388	0.0064886798	0.0363191959	-0.0049200575	0.0559621486	-0.0104044083	-0.0697407705	-0.0819537224	-0.0387910476	0.0305824998	-0.132777	-0.0363048	-0.0598317	0.000708333	-0.000551001	-0.00205432	0.1027965999999999	-0.9492330753866806	1.333072043201093	1.4638516572748033	-0.185735389471643
-0.0703600583	-0.0866207677	0.0560533529	-0.0348377368	-0.0571058532	-0.0152786455	0.0552480441	-0.0122837266	-0.0713078786	-0.0809447178	-0.0345198402	0.0358132251	-0.11375	-0.00749544	-0.0259075	0.00118205	-0.000668916	-0.00189694	0.11921116	-0.4997163380339218	-1.0929169481282708	-1.2615270524297069	0.1344388611557966
0.0452524186	-0.0962098455	-0.0192287912	-0.0033889294	-0.0181278407	0.0483959647	0.0545269847	-0.0141568597	-0.0727942032	-0.0797727013	-0.0301400206	0.0408817076	-0.137	-0.0265864	-0.0894292	0.00184566	-0.0007263769999999	-0.00226026	0.16008221	-0.8418807009858863	1.2068648804209117	0.0577780970570067	0.3362358787063115
0.0440597907	-0.0189109237	-0.0692079338	0.0553953632	0.0109300904	0.1571985699	0.0537990611	-0.0160228644	-0.0741980605	-0.0784400331	-0.0256653693	0.0457649856	-0.148855	-0.0247968	-0.118403	0.00144426	-0.00039749	-0.00256101	0.0941702499999999	-1.049676275064153	-0.3870905338376066	0.7567104821510099	-0.1581877883443956
0.0177915458	-0.1042806093	0.079960816	-0.0389724989	-0.1008402727	0.1131890629	0.0530643648	-0.0178808011	-0.0755178601	-0.0769493972	-0.0211099653	0.0504409369	-0.160177	-0.0232132	-0.0207762	0.000985816	-0.000165764	-0.00256302	0.1451414	-0.3410855527920818	-0.6016825697778051	-1.2001826004785574	-0.4313400448152487
0.0299195458	0.075057054	0.1491492146	0.0092364887	-0.0149922117	-0.0946790029	0.0523229885	-0.0197297343	-0.0767521067	-0.0753037955	-0.0164881416	0.0548883781	-0.134999	-0.00112017	0.0243588	0.000967175	-0.0007224189999999	-0.00226269	0.13618733	-0.1451579830705372	-2.4450483745160265	-1.315193364911812	-0.2699790959332975
0.0206767702	-0.1051136264	0.0046027062	0.0456391001	0.0030042281	-0.0417032948	0.0515750255	-0.0215687329	-0.0778994022	-0.0735065419	-0.01181444	0.0590871613	-0.179879	-0.0583751	-0.0814755	0.00130448	-0.000426288	-0.00225702	0.23992453	-0.880236969045216	1.3473434941892632	-1.3004267657059283	-0.8589754123844763
0.0242637371	-0.0096335877	-0.0698146438	0.0121456822	0.0114532221	-0.0701050665	0.0508205698	-0.023396871	-0.0789584467	-0.071561256	-0.0071035659	0.0630182648	-0.15962	-0.0412706	-0.079338	0.00104602	-0.000263953	-0.00245639	0.07050925	-0.923762768202819	-0.6471653498887132	0.8446995282249946	-0.4610994271884509
0.0367313565	0.022076748	0.0969417805	0.009941673	-0.0816039534	0.0130788348	0.0500597165	-0.0252132281	-0.0799280405	-0.0694718551	-0.0023703413	0.0666638799	-0.152283	0.0149545	-0.0398824	0.00104602	-0.000598662	-0.00237869	0.12363815	-0.3977738492000917	-1.2250392265905328	-1.826092358327888	-0.3163751775649526
0.1063977174	0.0055715992	0.0167774549	-0.0152777143	-0.0721573662	0.0512438462	0.0492925614	-0.0270168896	-0.0808070852	-0.0672425473	0.0023703413	0.0700074909	-0.178304	-0.0215717	-0.0656134	0.00155524	-0.000263954	-0.00237869	0.1304746	-0.5305543263744362	-0.8387120851558737	-0.5057031974391192	-0.3218596961567799
0.0286539613	0.0257409837	-0.0591466433	0.1061251298	0.0226144958	-0.0272561346	0.048519201	-0.0288069473	-0.0815945848	-0.0648778218	0.0071035659	0.0730339505	-0.176777	-0.0454714	-0.119632	0.00142503	-0.000263954	-0.0025705	0.0955462999999999	-1.0516709563387947	0.7960093506722286	0.7750119372359656	-0.6471461774323606
-0.0427388455	0.0101915998	-0.0592592854	-0.0380299373	-0.0307765402	0.0069877557	0.0477397327	-0.0305824998	-0.0822896473	-0.0623824411	0.01181444	0.075729548	-0.157029	-0.00618128	-0.0122761	0.000833346	-0.000263954	-0.0019568	0.22666322	-0.4510955674771186	0.7598967693240523	1.1269772578180768	-0.712527787705603
-0.1354838922	-0.0297892608	0.0108835592	-0.0188396224	0.0048364415	-0.0503619223	0.0469542546	-0.0323426531	-0.0828914853	-0.0597614305	0.0164881416	0.0780820718	-0.164809	-0.00627571	0.0102843	0.0008543599999999	-0.000697156	-0.00237869	0.07424013	-0.2753511454967867	0.6298726377784868	-0.3590529229060575	-0.7607379221466398
0.0229051914	-0.0806067647	-0.0295934071	0.1000731685	0.0729009076	0.062983066	0.0461628656	-0.0340865209	-0.0833994168	-0.0570200682	0.0211099653	0.0800808642	-0.195724	-0.0554924	-0.130411	0.00064879	6.24045e-05	-0.00278209	0.289253515	-0.916907339742691	-1.4404791894669122	0.1162049079496617	-1.075047683070799
0.0678651386	0.0254846855	0.0446285005	-0.0478760239	-0.0181178152	0.0288996211	0.0453656653	-0.0358132251	-0.0838128666	-0.0541638752	0.0256653693	0.0817168704	-0.188915	-0.0335986	-0.0276016	0.000691595	-0.000385608	-0.00237869	0.176223075	-0.4149005328727562	0.5563805018877445	-1.940482313515516	-0.7561050179915426
0.0420567444	0.0740942715	-0.0435421765	-0.0792159409	0.0601143339	-0.0432966736	0.0445627541	-0.0375218963	-0.0841313661	-0.0511986033	0.0301400206	0.0829826787	-0.158998	-0.00267795	-0.000334374	0.000507682	-0.000693237	-0.00237869	0.1126819759999999	-0.3399259953330528	0.9660224130476496	0.3391090662179236	-0.7853356979870861
0.0019950465	-0.0427657909	-0.090272904	-0.065024211	0.061315949	0.049271657	0.0437542331	-0.039211674	-0.0843545547	-0.0481302242	0.0345198402	0.0838725547	-0.187949	-0.0323559	-0.0512681	0.000651697	-0.000263954	-0.00237869	0.138227576	-0.6603391161969576	1.679136007726886	0.5939063311846767	-0.9604999458586254
-0.0091139327	-0.0497253977	-0.0727225007	0.0942278721	0.0180472965	0.0160148711	0.042940204	-0.0408817076	-0.0844821793	-0.0449649173	0.0387910476	0.0843824671	-0.181396	-0.0502639	-0.117895	0.000788472	4.14943e-05	-0.00237869	0.113199065	-1.11326053563361	-1.3342453969153223	1.026998593830647	-0.6979488384308841
0.0371963084	0.0398475941	0.1009667602	-0.0258485399	-0.060944931	0.0119106784	0.0421207693	-0.0425311559	-0.0845140955	-0.041709057	0.042940204	0.0845101058	-0.159083	-0.00641396	0.00463006	0.000506832	-0.000263954	-0.00237869	0.218042415	-0.24150808943738	-0.3386140985540844	-1.7998027702978716	-0.7874270722184825
0.0617844857	0.0745876009	-0.0191063019	-0.0482725117	-0.0198514198	-0.0603330804	0.0412960321	-0.0441591885	-0.0844502671	-0.0383692002	0.0469542546	0.0842548926	-0.185326	-0.0235345	-0.0255557	0.000354374	-0.000263954	-0.0023787	0.0811726999999999	-0.4169890143089884	-0.5248698489926865	-0.2166563452116464	-1.0324800075209295
-0.0047979405	0.0134473486	0.0029199659	0.1177944724	0.1027384293	-0.0057124105	0.0404660964	-0.0457649856	-0.0842907664	-0.034952073	0.0508205698	0.0836179837	-0.194209	-0.0663764	-0.0943507	0.000679959	0.000218008	-0.00237869	0.16089775	-1.1574696455728837	0.9455928171318364	-0.8259092043610847	-1.2350977436718245
-0.1355153976	0.0500468552	0.0313345067	0.03404847	-0.0521362536	-0.1194862045	0.0396310665	-0.0473477387	-0.0840357741	-0.0314645569	0.0545269847	0.0826022645	-0.186357	0.0244232	0.00867123	0.000647849	4.711620000000001e-07	-0.00237869	0.2141558719	-0.0819372258429877	-0.420515652464364	-0.055873306144255	-0.8487230060113615
0.0760224986	0.0030047591	0.1016447723	-0.009368968	-0.0105505748	-0.1593292419	0.0387910476	-0.0489066508	-0.0836855791	-0.0279136754	0.0580618375	0.0812123363	-0.193801	0.0130219	-0.0332553	0.000617844	-0.000109286	-0.00256538	0.0770944380999999	-0.2899778587779565	-1.4413275528469898	-1.4417329497829874	-1.1246266507278064
0.0109573243	0.0552193607	0.0460026772	0.1527432615	-0.0373530738	-0.045984525	0.0379461454	-0.0504409369	-0.0832405781	-0.0243065795	0.0614140063	0.079454496	-0.207454	-0.0520925	-0.106144	0.00059826	2.8685e-06	-0.00288301	0.174124525	-1.0023997220453085	-1.6003761965584649	-0.1303609590418791	-1.2138530737307862
-0.0488488753	0.0760687649	0.0374259905	-0.0547605219	0.0670543112	0.0024705802	0.0370964663	-0.0519498245	-0.0827012752	-0.0206505334	0.0645729439	0.0773367069	-0.186441	-0.00415524	0.0338197	0.000675167	-0.000263954	-0.0023787	0.251315935	-0.0502454367829391	-0.1722975428145834	1.0402027325882643	-1.1186131565761583
-0.0642457895	-0.0511127748	0.0841573611	-0.028918248	0.0702458992	-0.0234618172	0.0362421173	-0.0534325538	-0.0820682814	-0.0169528998	0.0675287111	0.0748685632	-0.23032	-0.039784	-0.0237209	0.000689963	-0.000263954	-0.00303459	0.17058266	-0.0395924282036193	-0.9272350659004112	-0.740886166458289	-1.2483818330223515
0.0787923753	0.0474398996	-0.0264076725	0.029877193	0.0028871688	0.1143448448	0.0353832058	-0.0548883781	-0.0813423138	-0.0132211254	0.0702720081	0.0720612463	-0.25434	-0.0773871	-0.0820925	0.00108909	0.000185022	-0.00312255	0.16679785	-0.6915154055650763	-0.1139340748810521	-0.2827534033594849	-1.6104332482165618
-0.0564067882	0.014740916	-0.0584627554	-0.0281714454	-0.0424673409	0.0901640633	0.0345198402	-0.0563165645	-0.0805241949	-0.0094627253	0.0727942032	0.0689274738	-0.217157	-0.0191163	-0.00806304	0.00099001	-1.28581e-06	-0.0023787	0.2209451505	-0.2313031375033822	1.336427789805098	1.4296229533910296	-1.277413312299474
-0.1176715394	-0.023340445	0.0473863929	-0.059294226	0.043331028	0.0052844375	0.0336521289	-0.0577163939	-0.0796148514	-0.0056852686	0.0750873609	0.0654814427	-0.214108	-0.00119214	-0.00597858	0.00099001	-0.000215885	-0.00284077	0.0568910794999999	0.0246914323975853	-0.5089460854426265	-0.4836455133645447	-1.0503625234136682
0.0011037481	-0.0953655897	0.0281565909	0.0116845065	-0.0043638392	0.0197319928	0.0327801813	-0.0590871613	-0.0786153136	-0.0018963626	0.077144266	0.0617387643	-0.236279	-0.0454474	-0.0795107	0.00099001	0.000292783	-0.00310942	0.17882428	-0.5035922276831948	-1.3311766539131138	-0.2577742360307428	-1.3226427139378385
0.0471958868	0.0473450219	0.0045249177	-0.040342863	-0.0494052921	0.0094065729	0.0319041071	-0.0604281765	-0.0775267139	0.0018963626	0.0789584467	0.0577163939	-0.247355	-0.0336406	-0.0194558	0.000315637	-2.17009e-05	-0.00276759	0.149472045	-0.2009017345177455	-0.0672615324964456	-0.7314268512875879	-1.6441701143911225
-0.0244967136	0.0655963524	-0.0695326733	-0.0276146137	0.0635578846	-0.066781164	0.0310240166	-0.0617387643	-0.0763502854	0.0056852686	0.0805241949	0.0534325538	-0.243892	0.0114233	-0.0134224	0.00102785	-2.17009e-05	-0.00301831	0.10270695	-0.1853314951338668	1.8329696653823084	1.2882721585383503	-1.5474876720795276
-0.0045207789	-0.0566490121	-0.0536083701	0.0369792047	0.0942459884	0.0914215511	0.0301400206	-0.0630182648	-0.0750873609	0.0094627253	0.0818365842	0.0489066508	-0.190077	-0.0309325	-0.108139	0.000828295	-2.17009e-05	-0.00277463	0.21304915	-1.0627763531497965	0.2023463246457889	0.5241516950209987	-0.9650024297334628
-0.0154948204	-0.0617333098	0.0610784547	-0.0748581414	-0.0190876229	-0.0259364972	0.0292522303	-0.0642660337	-0.0737393713	0.0132211254	0.0828914853	0.0441591885	-0.225465	0.0146313	-0.00311075	0.000681414	-2.17009e-05	-0.00272015	0.1960481	-0.1866477907177686	-0.834712792825941	-0.4957137154237734	-1.3218849847195917
0.0261136017	0.0554622215	0.1067636115	0.0375058177	-0.073231217	-0.0657848247	0.0283607577	-0.0654814427	-0.0723078435	0.0169528998	0.0836855791	0.039211674	-0.237545	0.0385274	-0.0542876	0.000961965	-0.000176722	-0.00313008	0.129428055	-0.066688604930009	-2.130031472122442	-0.9383912805694496	-1.0247644235460256
0.0558518403	-0.0076190059	0.014040126	0.0106525427	0.0598378945	-0.0534373779	0.0274657147	-0.0666638799	-0.0707943994	0.0206505334	0.0842163671	0.0340865209	-0.273236	-0.0217236	-0.0634819	0.000731899	-2.17009e-05	-0.00361855	0.1488141549999999	-0.2222316408217112	-0.2758868210102015	-0.4602107139719593	-1.6619887293216409
-0.0102643276	0.0208213034	-0.0560621502	-0.004016264	0.0137504933	0.1084113798	0.0265672143	-0.0678127497	-0.0692007534	0.0243065795	0.0844821793	0.0288069473	-0.265793	-0.0508404	-0.0546463	0.000926052	0.000182124	-0.00368939	0.0688362949999999	-0.2941664474682339	0.3628866352662358	1.2864407618489873	-1.5640223554925243
-0.1440298958	0.0106055753	0.0791800777	0.009565595	0.0036125973	-0.0619636595	0.0256653693	-0.0689274738	-0.0675287111	0.0279136754	0.0844821793	0.023396871	-0.253094	0.0317352	0.0148863	0.000651799	-2.17009e-05	-0.00323615	0.211373095	0.3357419271953722	-0.2906559348152038	-0.4697311638002104	-1.4819456362251255
-0.0306502531	-0.0791901359	0.0839474849	-0.0633410087	0.001917236	-0.0353425175	0.0247602935	-0.0700074909	-0.0657801667	0.0314645569	0.0842163671	0.0178808011	-0.293588	-0.0262202	-0.0402558	0.000584959	-2.17009e-05	-0.00342896	0.166574	-0.0056158521295031	-1.2932714248359056	-0.9909854453242816	-1.918522626106958
-0.0484596449	0.0015196845	0.0598204722	0.1469977663	0.0377750365	0.0007171883	0.0238521006	-0.0710522571	-0.063957101	0.034952073	0.0836855791	0.0122837266	-0.282471	-0.0494278	-0.105839	0.000914182	0.000522182	-0.00374338	0.159284095	-0.586617954607824	-1.166976593626589	-0.1222769876415239	-1.6004061678322463
-0.0344920139	0.1486051607	-0.0028722578	0.0245065957	-0.0074736173	-0.0130070268	0.0229409051	-0.0720612463	-0.0620615793	0.0383692002	0.0828914853	0.0066310039	-0.282755	0.00913788	0.0187623	0.000935877	-2.17009e-05	-0.00361062	0.218367875	0.3244176067312759	-0.4354734584391477	1.4800904018356102	-1.5860668564789255
-0.092502957	-0.0219055881	-0.0522206166	-0.0518838774	0.0018916351	0.0706265781	0.0220268217	-0.0730339505	-0.0600957491	0.041709057	0.0818365842	0.000948241	-0.294098	-0.0272763	-0.0321387	0.000862404	-2.17009e-05	-0.00383226	0.11341383	0.061312589098838	1.4407950008910606	1.3660707701013246	-1.7332881746802815
-0.0380179647	0.0797132675	-0.0229526213	0.0645370497	0.0083956613	0.0050237706	0.0211099653	-0.0739698799	-0.0580618375	0.0449649173	0.0805241949	-0.0047388177	-0.279915	-0.0327803	-0.0873672999999999	0.000961261	7.48103e-05	-0.00367905	0.09234451	-0.5524022564945418	-0.037095936539496	1.2087532124976783	-1.676501378621372
-0.1248415877	0.1125552529	-0.010813893	0.036586737	0.0250165874	0.0094621594	0.0201904515	-0.0748685632	-0.0559621486	0.0481302242	0.0789584467	-0.0104044083	-0.271408	0.0303864	-0.0108899	0.000859343	-2.17009e-05	-0.00324643	0.17970356	0.2570406994284613	1.1682497374999294	2.193346195647773	-1.6300587232485453
0.0169762892	0.0038083431	-0.0119217367	-0.0826966206	0.2013817684	0.0083558081	0.019268396	-0.075729548	-0.0537990611	0.0511986033	0.077144266	-0.0160228644	-0.291443	-0.0022639	-0.0656497	0.0012058	-2.17009e-05	-0.00372589	0.14874095	-0.0981118010711688	-0.5049223606365237	0.3961359619823321	-1.6804817703340302
0.0475615935	0.0076165174	-0.0013762982	0.0008856883	0.0471827457	0.1740144478	0.0183439149	-0.0765524007	-0.0515750255	0.0541638752	0.0750873609	-0.0215687329	-0.308017	-0.035337	-0.115295	0.00184909	0.000157543	-0.00402671	0.155460095	-0.186213750612732	1.3229859488779203	-1.0968780041154602	-1.525362422223907
-0.0364870327	-0.0192136526	-0.0660742668	-0.0706205825	-0.024218047	0.0854492508	0.0174171245	-0.0773367069	-0.0492925614	0.0570200682	0.0727942032	-0.0270168896	-0.303181	-0.000252956	-0.0620781	0.0020769	-6.35852e-05	-0.00381833	0.126002854	0.4704471858500623	0.3386708782547777	1.4367519092557812	-0.980166447555496
-0.0626070639	-0.0405964621	-0.0545535502	-0.0873667493	0.0040812985	-0.0204821542	0.0164881416	-0.0780820718	-0.0469542546	0.0597614305	0.0702720081	-0.0323426531	-0.308941	0.00642307	-0.0902559	0.00230224	-0.000205945	-0.00450587	0.093375816	0.5745446733516718	1.024059982055454	0.7506129350868946	-0.5460824983349706
0.057645301	-0.049589518	-0.0680456565	0.0040653828	-0.0172309853	0.0039477199	0.015557083	-0.07878812	-0.0445627541	0.0623824411	0.0675287111	-0.0375218963	-0.353403	-0.0615296	-0.16014	0.00317921	-0.000203875	-0.00551169	0.27654177	0.1530100556785665	0.4134353639865038	0.312058959113753	-0.4174467247878213
0.0890138119	-0.0328752759	0.0009652705	-0.0067175158	-0.0267571028	-0.0258793016	0.014624066	-0.079454496	-0.0421207693	0.0648778218	0.0645729439	-0.0425311559	-0.372879	-0.046313	-0.136762	0.00296665	-0.000289355	-0.00563187	0.0789816	0.3552102710510241	1.3275279913158458	-1.8459048717245528	-0.5063360432998049
0.018734044	0.0609850885	-0.0592169647	-0.0575718766	0.0205985852	0.0078274291	0.013689208	-0.0800808642	-0.0396310665	0.0672425473	0.0614140063	-0.0473477387	-0.354726	0.0198185	-0.0882289	0.00278559	-0.000289355	-0.00592185	0.1563696	0.8574994962966686	0.9146905236146196	1.2267401793479364	-0.7018470343228944
0.0512759013	0.0304586675	-0.0090566951	-0.0247291948	0.034464328	-0.1405493008	0.0127526267	-0.0806669094	-0.0370964663	0.0694718551	0.0580618375	-0.0519498245	-0.4251	-0.0474334	-0.117802	0.00231956	-0.000289355	-0.00673183	0.2309995	0.4009267792004266	0.409439920790415	-0.6809341968670396	-1.1971117756681853
0.0532170607	0.0321909493	-0.0288259675	0.064888323	0.0537129941	0.0395627606	0.01181444	-0.0812123363	-0.0345198402	0.071561256	0.0545269847	-0.0563165645	-0.434115	-0.0538311	-0.159052	0.00222829	7.79677e-05	-0.00708911	0.0974563349999999	-0.0059559663945408	-1.405343196263814	0.9374476491434918	-1.47871072693319
0.0265038856	-0.0076776059	0.0671621086	-0.0393466002	-0.1279376491	0.0637116437	0.0108747661	-0.0817168704	-0.0319041071	0.0735065419	0.0508205698	-0.0604281765	-0.419893	-0.027229	-0.0951215	0.00222829	9.39172e-05	-0.00673801	0.1231070749999999	0.9503880975184936	0.6660781449621899	-1.9027832930573143	-1.1454122721401303
0.1020199707	0.0575646842	-0.0921298446	-0.0267089948	-0.0839411753	0.0138974561	0.0099337232	-0.0821802575	-0.0292522303	0.0753037955	0.0469542546	-0.0642660337	-0.401864	0.00545054	-0.155361	0.00291696	8.03494e-05	-0.00656669	0.15462593	0.4847358708969596	0.0352872685303147	0.8221220630119382	-0.537402719675048
0.0611385157	-0.1308446585	-0.0818057437	-0.0235796746	-0.0842233343	-0.0191071596	0.0089914297	-0.0826022645	-0.0265672143	0.0769493972	0.042940204	-0.0678127497	-0.436289	-0.0171506	-0.215933	0.00346693	0.000327405	-0.00722482	0.19035592	0.18259352317875	1.6637508213299448	-0.0536612156695342	-0.572722953339893
-0.0080103535	-0.0715493055	0.008765378	0.1396069318	-0.0678479138	-0.0401082164	0.0080480044	-0.0829826787	-0.0238521006	0.0784400331	0.0387910476	-0.0710522571	-0.413048	-0.046053	-0.248402	0.00337803	0.00055548	-0.00745878	0.1121591499999999	0.0307118859388033	-0.7470935015313969	-0.3263212519871548	-0.3857739622315564
0.070904927	0.0593830327	0.0413603515	-0.0299030386	-0.0635399717	0.0486056832	0.0071035659	-0.0833213086	-0.0211099653	0.0797727013	0.0345198402	-0.0739698799	-0.418262	0.00378523	-0.112661	0.00333612	2.28955e-05	-0.00705235	0.239839455	0.9238816071161624	0.035964786994174	-1.3829081550484743	-0.6584542026658952
0.080886148	-0.0036069855	-0.061089018	0.0278334303	-0.0012629293	-0.0599062029	0.0061582331	-0.0836179837	-0.0183439149	0.0809447178	0.0301400206	-0.0765524007	-0.463059	-0.0247679	-0.188651	0.00303997	0.000304803	-0.0075414799999999	0.202699505	0.433377403556463	0.5241782258363031	-0.2154433594552555	-0.8444198274411758
0.0147400063	0.0281210707	-0.0512740724	0.0904834288	-0.0839881072	-0.0662539184	0.0052121252	-0.0838725547	-0.015557083	0.0819537224	0.0256653693	-0.07878812	-0.46818	-0.0619102	-0.194951	0.00323203	0.000496658	-0.00802076	0.09172305	0.0525175314922152	1.2343897759517777	0.178943371850621	-0.593319102490677
-0.090635001	0.0252502477	-0.0047497125	0.0049926822	-0.0672344294	0.0101424992	0.0042653611	-0.0840848933	-0.0127526267	0.0827976831	0.0211099653	-0.0806669094	-0.486637	-0.00816382	-0.095561	0.00279219	0.000139153	-0.00793977	0.21551013	1.0861694238029698	0.5585454418766261	0.5177490555687468	-1.0820402198954011
0.0016271429	-0.1543535184	-0.005245328	-0.0001525808	-0.0273038174	-0.0348225005	0.00331806	-0.0842548926	-0.0099337232	0.0834749003	0.0164881416	-0.0821802575	-0.487822	-0.0524702	-0.197156	0.0029501	0.000559588	-0.00808316	0.18317313	0.3035595296036599	-0.0144820551593138	-0.7674580882300048	-0.696076265288869
0.0230436845	-0.0474336432	0.0624108059	0.0238372462	-0.0614007221	-0.0330835843	0.0023703413	-0.0843824671	-0.0071035659	0.0839840102	0.01181444	-0.0833213086	-0.404328	-0.0812818	-0.191461	0.00296133	0.00055508	-0.00739058	0.1534164999999999	0.0291959313569535	-0.7925093277298569	-1.0617833601265678	-0.3281627415282274
0.0461677046	0.1129105295	0.0623794264	-0.0280758101	-0.0387521442	-0.0145606277	0.0014223241	-0.0844675524	-0.0042653611	0.0843239875	0.0071035659	-0.0840848933	-0.41959	-0.0219255	-0.0845169999999999	0.00313162	0.000179236	-0.00710557	0.2231195	1.227821861594969	-0.3619238915111011	-1.1297205872217346	-0.5365950003199483
0.0958181757	-0.0036790305	-0.0596220029	-0.0564374823	0.0066403004	-0.0592439578	0.0004741279	-0.0845101058	-0.0014223241	0.0844941474	0.0023703413	-0.0844675524	-0.537763	-0.0802718999999999	-0.173795	0.00337498	0.000397541	-0.00893554	0.38037915	0.5746601918435008	0.5786842898307365	-0.2703944465120586	-0.7823653859716069
-0.0044844594	0.0322922617	-0.0631199818	0.127925738	-0.0330002258	0.0179663479	-0.0004741279	-0.0845101058	0.0014223241	0.0844941474	-0.0023703413	-0.0844675524	-0.441508	-0.0895655	-0.218069	0.00384803	0.000649825	-0.0078010099999999	0.2428158	-0.0358432749970461	1.2286035670110056	0.4669305065872722	-0.2855342565048092
-0.0999929678	0.0372491092	0.0033619549	-0.0031739064	0.0095278227	0.0916032366	-0.0014223241	-0.0844675524	0.0042653611	0.0843239875	-0.0071035659	-0.0840848933	-0.417536	-0.0152321	-0.0824016	0.002847	0.000231216	-0.00658746	0.36563225	1.040537333399284	0.5864973274820368	0.8768402137379527	-0.8689188125112043
-0.0411459482	-0.0849761799	-0.0360419516	-0.0171195417	0.0612246835	-0.0250156373	-0.0023703413	-0.0843824671	0.0071035659	0.0839840102	-0.01181444	-0.0833213086	-0.469096	-0.0617443	-0.16665	0.00293574	0.000683142	-0.0079373199999999	0.2768468999999999	0.4991372917655843	0.7118721455922807	0.0669272002205117	-0.8344133005507559
-0.0104652554	-0.0444205815	0.0193590334	0.0376799023	0.042916785	-0.0385511864	-0.00331806	-0.0842548926	0.0099337232	0.0834749003	-0.0164881416	-0.0821802575	-0.409172	-0.0767341	-0.180184	0.00268623	0.0008488429999999	-0.0073342399999999	0.13936235	0.0708872579516286	-0.7032578228038923	-0.5235500005713761	-0.5186425588254755
0.0285247459	0.1363407758	0.1063218595	-0.0525006442	0.0077591361	0.0232362485	-0.0042653611	-0.0840848933	0.0127526267	0.0827976831	-0.0211099653	-0.0806669094	-0.427365	-0.0220866	-0.0784896999999999	0.00252773	0.000503272	-0.00737137	0.20159485	1.1242483336107607	-0.6359339445480733	-1.0994632447735495	-1.0038450463037711
0.0943686462	0.0020652622	-0.0552280434	-0.0834154682	0.0463678053	-0.0895725416	-0.0052121252	-0.0838725547	0.015557083	0.0819537224	-0.0256653693	-0.07878812	-0.511162	-0.0554131	-0.146243	0.00280837	0.000550618	-0.00843105	0.2542601	0.7566536716386292	1.026859202575664	-0.3710809133532431	-1.0927957288262549
-0.0239493023	0.0379595739	-0.0361925067	0.1150226146	0.0230917428	0.0443610757	-0.0061582331	-0.0836179837	0.0183439149	0.0809447178	-0.0301400206	-0.0765524007	-0.47432	-0.0856037	-0.18972	0.00308076	0.00105692	-0.00818361	0.1618162	0.1515438889440939	0.7268748911560617	0.8050745145058844	-0.7141468027659637
-0.119130354	-0.0211387655	0.0541052641	-0.0551398901	-0.0360963028	0.0086901365	-0.0071035659	-0.0833213086	0.0211099653	0.0797727013	-0.0345198402	-0.0739698799	-0.450588	-0.0223058	-0.0696883	0.00211592	0.000652739	-0.0075081899999999	0.3092836500000001	1.1686997756775437	-0.3795330613321802	-0.6333743307495798	-0.8044638974887557
-0.0533221686	-0.068346543	0.0438071148	-0.0298016538	0.0358784652	0.0244923964	-0.0080480044	-0.0829826787	0.0238521006	0.0784400331	-0.0387910476	-0.0710522571	-0.482791	-0.0570055	-0.133985	0.00266821	0.000405643	-0.00798065	0.1947917	0.8435584948550077	-0.5902034468808433	-0.623661341479831	-1.0303226223561148
0.0295431449	-0.0999256136	0.0102242255	0.0066495918	0.0230644676	-0.0007772882	-0.0089914297	-0.0826022645	0.0265672143	0.0769493972	-0.042940204	-0.0678127497	-0.484344	-0.0838228	-0.221208	0.00312635	0.00100302	-0.00841321	0.18999715	0.2032781414135496	0.7013634110867324	-0.9632210608061776	-0.8346090207473887
0.0147067294	0.027076642	-0.0940591101	-0.078895564	-0.0487174511	-0.0058553534	-0.0099337232	-0.0821802575	0.0292522303	0.0753037955	-0.0469542546	-0.0642660337	-0.418025	-0.0679166	-0.132292	0.00285139	0.000641089	-0.00727286	0.2600032500000001	0.605722757709269	0.6487578997144087	1.720509418387557	-0.7508219103130231
-0.1594163541	0.0215003028	0.0549723888	-0.0148245861	0.0610893332	0.0290031026	-0.0108747661	-0.0817168704	0.0319041071	0.0735065419	-0.0508205698	-0.0604281765	-0.39507	-0.0392382	-0.0817544999999999	0.00258259	0.00052381	-0.0066111	0.1545628499999999	1.005757467464538	0.0194012181963564	-0.2084056476125992	-0.870620419323002
0.0012632905	-0.0587047382	-0.0365109524	-0.0557737534	0.0583880767	-0.0217633493	-0.01181444	-0.0812123363	0.0345198402	0.071561256	-0.0545269847	-0.0563165645	-0.485804	-0.0961582	-0.160512	0.00317524	0.000913083	-0.00848049	0.3689771500000001	0.5396369415735636	0.4709852274699854	0.4674955368771253	-0.978831369593312
0.0045244832	0.0244497674	-0.0173289205	-0.0166253912	0.0079050919	0.0619730499	-0.0127526267	-0.0806669094	0.0370964663	0.0694718551	-0.0580618375	-0.0519498245	-0.477822	-0.0928081	-0.131938	0.00275264	0.00061357	-0.00829038	0.0855172499999999	0.7807214256203545	0.1499290557676664	0.7163330027774232	-0.9584671621355992
-0.0391033254	0.0257587266	0.1649481612	-0.0188366173	-0.0025490574	0.0971931745	-0.013689208	-0.0800808642	0.0396310665	0.0672425473	-0.0614140063	-0.0473477387	-0.453352	-0.00934765	-0.0744631	0.0028933	0.00061357	-0.0077151199999999	0.20120135	1.2897116736013448	-1.2202457435924	-0.8167824317295662	-0.7859171064610981
0.0494055361	-0.0657428442	0.0922267518	-0.044398872	0.0340265516	-0.0149802739	-0.014624066	-0.079454496	0.0421207693	0.0648778218	-0.0645729439	-0.0425311559	-0.51055	-0.0780809999999999	-0.133048	0.00303139	0.00061357	-0.0085069099999999	0.23101025	0.971558619014228	-1.7615166651485126	-1.2360746165349863	-0.8710787193139271
0.0263725169	0.0429479499	0.0829375671	0.1276597368	0.0084020383	-0.0506196423	-0.015557083	-0.07878812	0.0445627541	0.0623824411	-0.0675287111	-0.0375218963	-0.46289	-0.10896	-0.194005	0.00322068	0.00102124	-0.00829115	0.1801319999999998	0.1387654240660132	0.6206778705471967	-1.2568572978036523	-0.6239306823418361
-0.1107171711	0.0722285004	-0.020981324	-0.011491562	-0.0381549422	-0.0465367687	-0.0164881416	-0.0780820718	0.0469542546	0.0597614305	-0.0702720081	-0.0323426531	-0.449583	-0.0301939	-0.0858096	0.00303139	0.00061357	-0.0075188499999999	0.2687315	1.1205676697504103	0.6474006033794093	1.211047893404696	-0.6693395082930005
-0.00452432	-0.0673905059	0.0746217306	-0.0612449405	0.0882633975	0.0127497456	-0.0174171245	-0.0773367069	0.0492925614	0.0570200682	-0.0727942032	-0.0270168896	-0.501966	-0.0587076	-0.128046	0.00341987	0.000827947	-0.00843656	0.19916145	1.0131009687389498	-1.2437971387611713	-1.2475815182841186	-0.7297608397475773
0.0485865766	0.0159552864	0.0494175355	0.0949328731	-0.0314203961	-0.0212949827	-0.0183439149	-0.0765524007	0.0515750255	0.0541638752	-0.0750873609	-0.0215687329	-0.519396	-0.0948778	-0.219438	0.00396184	0.0010914	-0.00879847	0.20335885	0.4144373268648926	0.7058269497160947	-0.9698414058518062	-0.6465332840355293
-0.0172062119	0.0009431568	-0.0336473219	-0.1083028615	-0.0144076283	0.075377771	-0.019268396	-0.075729548	0.0537990611	0.0511986033	-0.077144266	-0.0160228644	-0.501409	-0.0705356	-0.0999833	0.0033627	0.00124902	-0.00865972	0.2065594	1.145172714996008	-0.4574904022968464	0.8258637545471621	-0.8176739415545632
0.0729933495	0.0256635279	0.1143763209	-0.041039396	-0.0393298588	0.0248133942	-0.0201904515	-0.0748685632	0.0559621486	0.0481302242	-0.0789584467	-0.0104044083	-0.527467	-0.0336682	-0.148018	0.00371805	0.000998723	-0.0089052799999999	0.15352045	1.3621196468913486	-1.924066458383284	-1.354012884467385	-0.3011655652548179
0.1026720794	-0.0430890789	-0.0910690139	-0.0154270587	-0.0889977499	-0.0297007516	-0.0211099653	-0.0739698799	0.0580618375	0.0449649173	-0.0805241949	-0.0047388177	-0.522823	-0.0802251999999999	-0.227748	0.00479128	0.0013418	-0.00912127	0.21254585	0.3141806660063772	0.9265843676369798	-0.2057921529126729	-0.3721357626943994
-0.0267333483	-0.0224544627	-0.0439404194	-0.0082833167	-0.0620071054	-0.0134401023	-0.0220268217	-0.0730339505	0.0600957491	0.041709057	-0.0818365842	0.000948241	-0.465304	-0.0541164	-0.15679	0.00393493	0.00045988	-0.00834326	0.2803998000000001	0.8491507888241068	0.5525788982812825	0.9439595987158697	-0.4628357887003918
-0.0691532174	-0.0809061288	0.0235375107	0.0149919581	0.0002831149	0.0073050716	-0.0229409051	-0.0720612463	0.0620615793	0.0383692002	-0.0828914853	0.0066310039	-0.491354	-0.0113306	-0.169268	0.00393493	0.0008413519999999	-0.00834444	0.1004464	1.0167216711800109	-0.3121766021739401	-0.5669523813891563	-0.3191783986208332
0.0245794519	-0.0740301763	0.0120977862	0.0890808928	-0.0418693927	-0.0526025424	-0.0238521006	-0.0710522571	0.063957101	0.034952073	-0.0836855791	0.0122837266	-0.532219	-0.0715878	-0.258965	0.00393493	0.00140911	-0.00925841	0.2649056	0.4281671805249324	-1.933808611966507	-0.2744661152607901	-0.4206592258009354
0.1042770635	0.0157005973	-0.0455886056	-0.0236087729	0.0614760211	0.0101963422	-0.0247602935	-0.0700074909	0.0657801667	0.0314645569	-0.0842163671	0.0178808011	-0.523685	-0.0707209	-0.182505	0.00377012	0.00103711	-0.00874254	0.1384949	0.8175336008354988	0.3319505849871487	-0.3878717737867137	-0.995372846855236
-0.0096681615	-0.0373914042	-0.1047161074	0.0048988954	-0.0519862125	0.0490624761	-0.0256653693	-0.0689274738	0.0675287111	0.0279136754	-0.0844821793	0.023396871	-0.512313	-0.0318258	-0.233266	0.00415306	0.00107538	-0.00864634	0.1268985999999999	0.6637101077372649	0.8694798227626651	1.8826153975870528	-0.3326806993249431
0.0396975444	-0.1344345016	-0.0679628383	-0.0282423796	-0.1259796314	0.0405114568	-0.0265672143	-0.0678127497	0.0692007534	0.0243065795	-0.0844821793	0.0288069473	-0.508293	-0.0392093	-0.249384	0.00438519	0.00119453	-0.00888912	0.0572245	0.6040011064505992	-1.0251321204132964	0.1646822068515151	-0.1766803212113266
0.0477382189	-0.0210941062	0.090725804	0.0929592992	0.054109726	0.0247178871	-0.0274657147	-0.0666638799	0.0707943994	0.0206505334	-0.0842163671	0.0340865209	-0.485101	-0.0311335	-0.201272	0.00353961	0.00121342	-0.00862352	0.1358832999999999	0.7089180785445708	-1.0648084513137317	-0.8979413937755979	-0.454941461507083
0.0382593952	0.1187579542	0.0452858774	-0.0168896163	0.0278679923	-0.0346878256	-0.0283607577	-0.0654814427	0.0723078435	0.0169528998	-0.0836855791	0.039211674	-0.434893	-0.0072861	-0.105505	0.00373644	0.00106735	-0.0076629	0.2349984	1.136775169509045	-0.9698469524395372	-0.7352660574207853	-0.5025050932351963
0.0360004689	-0.0066163322	-0.0142793834	-0.0028258911	0.1398956394	-0.005764469	-0.0292522303	-0.0642660337	0.0737393713	0.0132211254	-0.0828914853	0.0441591885	-0.498349	-0.0932157	-0.143572	0.00341342	0.0008124449999999	-0.0085676799999999	0.26158785	0.785346594852825	1.338191192441744	-0.9408620900616388	-0.8685357183691035
-0.0310965497	-0.0577060252	0.0372459155	0.0694313305	0.1296578309	0.0894666807	-0.0301400206	-0.0630182648	0.0750873609	0.0094627253	-0.0818365842	0.0489066508	-0.460027	-0.104359	-0.20771	0.00341165	0.00111981	-0.00811658	0.1516150499999999	0.2909634431347991	0.3627241454486352	-0.8547351583526267	-0.4975024364544586
-0.0280383754	0.1488372288	-0.0062751434	-0.0452988594	0.084507554	0.0413002624	-0.0310240166	-0.0617387643	0.0763502854	0.0056852686	-0.0805241949	0.0534325538	-0.456339	-0.0604357	-0.0468874	0.00292643	0.000760102	-0.0081610299999999	0.2529028	1.3997055672047185	0.0470542050146172	1.3859427119992125	-0.7765193116360812
-0.081414626	-0.0286519395	-0.0754130359	-0.0900132094	-0.0566301865	-0.0466099297	-0.0319041071	-0.0604281765	0.0775267139	0.0018963626	-0.0789584467	0.0577163939	-0.490323	-0.0704301	-0.103252	0.00302542	0.000760102	-0.00857566	0.126024	1.1886922322466524	1.4857170555757144	1.1397742364420196	-0.6095661640850609
0.0091752271	0.0121716203	-0.0278146812	0.0866041757	-0.086049477	-0.0762954742	-0.0327801813	-0.0590871613	0.0786153136	-0.0018963626	-0.077144266	0.0617387643	-0.48181	-0.090691	-0.217679	0.00405954	0.00133822	-0.00852281	0.2264553	0.5343250307247422	-1.4582487165568274	0.6003178980303758	0.0028215441065523
0.0771366783	0.0206261976	-0.0013422494	0.0680551853	0.0073491017	-0.0393084741	-0.0336521289	-0.0577163939	0.0796148514	-0.0056852686	-0.0750873609	0.0654814427	-0.466269	-0.0798436	-0.230896	0.00377607	0.00107868	-0.00877894	0.0795624	0.338296771310701	0.4094889907300106	-1.0988489934610934	-0.1215425584075231
-0.0475609223	0.0505272509	-0.0519906639	-0.0137031897	-0.0368955429	-0.0158180064	-0.0345198402	-0.0563165645	0.0805241949	-0.0094627253	-0.0727942032	0.0689274738	-0.462183	-0.0661859	-0.0975606	0.00344331	0.00105578	-0.00827721	0.1939486	1.2166445058403714	0.7816002868422061	2.154833635056809	-0.4248349553271698
-0.1295402463	-0.0072590414	0.0043674239	-0.0015711106	0.0248176498	-0.0715201218	-0.0353832058	-0.0548883781	0.0813423138	-0.0132211254	-0.0702720081	0.0720612463	-0.481326	-0.0608061	-0.11628	0.00330286	0.000755628	-0.00860583	0.0817032999999999	1.0526707194033038	0.3792466588476397	0.3064063185158637	-0.6361209905615285
-0.0144683187	-0.0516924456	-0.0330555063	0.1364801176	0.0013210891	-0.0377336191	-0.0362421173	-0.0534325538	0.0820682814	-0.0169528998	-0.0675287111	0.0748685632	-0.435326	-0.0973221	-0.263726	0.00399852	0.00148869	-0.00865551	0.3038821	0.0901171983818629	0.2835020340941683	0.496701981090428	-0.0383706357465098
-0.0320407762	0.0449700008	-0.0017575625	-0.0367858214	0.0461749028	0.0225452356	-0.0370964663	-0.0519498245	0.0827012752	-0.0206505334	-0.0645729439	0.0773367069	-0.476028	-0.0353754	-0.103559	0.00320291	0.000750669	-0.00879162	0.34630275	1.29271574070167	0.2098379947162545	1.0628179395499384	-0.5997756670731833
-0.0512730695	-0.1093140835	0.069283352	-0.0378295274	0.0274374941	-0.0031418538	-0.0379461454	-0.0504409369	0.0832405781	-0.0243065795	-0.0614140063	0.079454496	-0.543557	-0.0398552	-0.143316	0.00316049	0.0008613619999999	-0.00944373	0.1520269499999998	1.0233649543182168	-0.3969058008333433	-1.0591045321793298	-0.6673898131966344
0.0215808194	-0.0065343871	0.0884593084	0.1250395376	-0.0518893795	-0.0672512649	-0.0387910476	-0.0489066508	0.0836855791	-0.0279136754	-0.0580618375	0.0812123363	-0.4915	-0.0838542	-0.228491	0.00363748	0.00150965	-0.00904025	0.2576688999999999	0.1852926497658377	-1.5456179688649745	-0.8339059332318514	-0.2827628360464064
0.0070927525	0.1159665922	0.0075334708	-0.0085802562	0.0358132142	-0.0296245674	-0.0396310665	-0.0473477387	0.0840357741	-0.0314645569	-0.0545269847	0.0826022645	-0.486289	-0.0249364	-0.0972684	0.00333547	0.000774254	-0.0087984599999999	0.2593112	1.150672222610064	0.1800002463371552	0.4489061011019124	-0.6863633127502569
-0.0298071591	0.0027686482	-0.0617324181	-0.0940464542	0.061947922	-0.0493319827	-0.0404660964	-0.0457649856	0.0842907664	-0.034952073	-0.0508205698	0.0836179837	-0.4915	-0.049497	-0.146152	0.00351431	0.000703758	-0.00893726	0.098062	0.99436515404361	1.5097680903374286	0.9332526144829956	-0.4030228280489777
-0.010729665	-0.0377883446	-0.0447136039	0.0202204483	0.0478748781	-0.0435592599	-0.0412960321	-0.0441591885	0.0844502671	-0.0383692002	-0.0469542546	0.0842548926	-0.513118	-0.0786584	-0.172083	0.00354284	0.000927546	-0.00934377	0.1096517999999999	0.8783099344345824	-1.2500496066964504	0.6109819388086131	-0.4826024124034757
0.1171198316	0.0288615801	-0.0165833551	0.0386705712	0.0050828898	0.037098813	-0.0421207693	-0.0425311559	0.0845140955	-0.041709057	-0.042940204	0.0845101058	-0.517404	-0.104797	-0.218076	0.0039596	0.0011191	-0.00936927	0.1081083	0.4255151356792779	-0.1559414626324416	-0.8147509587259291	-0.1663284925840243
-0.0845520059	0.1012006498	-0.0495859041	0.0058602647	-0.0250602332	0.0579785075	-0.042940204	-0.0408817076	0.0844821793	-0.0449649173	-0.0387910476	0.0843824671	-0.488226	-0.0353953	-0.0851244	0.00315485	0.000633325	-0.0085752799999999	0.33575705	1.2901093153896213	1.040881835661466	2.0851462611817224	-0.6580082319660875
0.0459171848	-0.0226409983	-0.0451334912	-0.0180731152	0.1037248029	-0.0398773597	-0.0437542331	-0.039211674	0.0843545547	-0.0481302242	-0.0345198402	0.0838725547	-0.500427	-0.0785349999999999	-0.158464	0.00312826	0.000871176	-0.00868637	0.14745685	0.7259686844273168	0.3123816857122595	0.578271389622664	-0.688512134611617
0.0215575041	0.0343751868	0.0204104836	0.0711586405	0.0215951952	0.0564890688	-0.0445627541	-0.0375218963	0.0841313661	-0.0511986033	-0.0301400206	0.0829826787	-0.473813	-0.106953	-0.207488	0.00382029	0.000980736	-0.0087939999999999	0.1495169999999999	0.3109381512972962	1.3876459860684127	-1.5378315256532944	-0.2504021381325539
-0.0737864557	0.0627530509	0.0045974926	-0.0235411762	0.0142160951	0.0867959554	-0.0453656653	-0.0358132251	0.0838128666	-0.0541638752	-0.0256653693	0.0817168704	-0.491049	-0.0446944	-0.0679072	0.003498	0.00114289	-0.0088150899999999	0.2443521	1.434250410763475	-0.7357220237472779	0.9984631124177028	-0.6835958890249545
0.0681319149	-0.0150173642	0.0978493778	-0.026051495	-0.073914436	0.0789178553	-0.0461628656	-0.0340865209	0.0833994168	-0.0570200682	-0.0211099653	0.0800808642	-0.516026	-0.0595066	-0.150792	0.00369387	0.00114289	-0.0089526099999999	0.1393435	1.0249153736395795	-1.1607730875741342	-1.2182951535059896	-0.3843745358310387
0.065719742	0.0477966492	-0.0720801451	0.017217116	-0.0337468451	0.0364966403	-0.0469542546	-0.0323426531	0.0828914853	-0.0597614305	-0.0164881416	0.0780820718	-0.513465	-0.0906818	-0.189175	0.00379326	0.00114289	-0.0092801	0.0934632	0.5272373925490391	0.1460353701131655	0.1450085306350732	-0.4938885081208332
0.0254027839	-0.0033243919	-0.0477664426	-0.0685516203	-0.0232521791	-0.0374290999	-0.0477397327	-0.0305824998	0.0822896473	-0.0623824411	-0.01181444	0.075729548	-0.487876	-0.0928634	-0.122326	0.00319129	0.00110449	-0.0086886299999999	0.1562115999999999	0.8834916470819918	1.0861939786509782	0.4160970188876569	-0.5797608213888218
-0.0278410249	0.0545169522	-0.0726220942	0.0167997435	0.014712409	0.0335947901	-0.048519201	-0.0288069473	0.0815945848	-0.0648778218	-0.0071035659	0.0730339505	-0.533207	-0.0763355	-0.147098	0.00351281	0.000691953	-0.00932839	0.1553217500000001	0.9440131223157496	1.1250131033485302	1.5793324287515889	-0.576912886161289
-0.0038311401	-0.049218829	-0.0372202099	0.0476066565	-0.0010852719	-0.0004225163	-0.0492925614	-0.0270168896	0.0808070852	-0.0672425473	-0.0023703413	0.0700074909	-0.529495	-0.140686	-0.208715	0.00394985	0.00116078	-0.00956379	0.18674285	0.4307999815407762	0.5595504027063453	0.4662274106142323	-0.4058328333502966
-0.0106153886	0.0502538655	0.115906739	-0.0220605146	0.034349118	-0.0171692346	-0.0500597165	-0.0252132281	0.0799280405	-0.0694718551	0.0023703413	0.0666638799	-0.497521	-0.0931151	-0.0810614999999999	0.00336294	0.00104689	-0.0087379899999999	0.2835284000000002	1.457508057429626	-0.1809270094725503	-1.4046405194927205	-0.4840121834788292
0.0554575779	-0.0036968211	-0.0894983568	-0.0716531233	0.0148306694	0.0047949602	-0.0508205698	-0.023396871	0.0789584467	-0.071561256	0.0071035659	0.0630182648	-0.505607	-0.12417	-0.153779	0.00358907	0.00111911	-0.00906587	0.1431699	0.7994435694035839	0.9113425177583272	0.7674521076013475	-0.5435949078640303
-0.048375075	0.0113945914	-0.046013989	0.0433129894	-0.048263332	-0.0014282022	-0.0515750255	-0.0215687329	0.0778994022	-0.0735065419	0.01181444	0.0590871613	-0.468025	-0.132417	-0.161816	0.00372571	0.000959315	-0.00862177	0.0908927499999999	0.5261020840397793	0.7326496979372966	1.0218587712144631	-0.2634191258466827
-0.1336336355	-0.0158034669	0.0613287106	-0.0251819391	-0.0612039205	0.0098433501	-0.0523229885	-0.0197297343	0.0767521067	-0.0753037955	0.0164881416	0.0548883781	-0.486065	-0.0534643	-0.0960891	0.00332446	0.000573464	-0.00842089	0.21211865	1.2166632367537489	-0.2192824462361759	-0.7564269819927218	-0.4372829580300907
0.0440617044	-0.0999647334	0.0818624652	-0.07156194	-0.0014198805	-0.0405219838	-0.0530643648	-0.0178808011	0.0755178601	-0.0769493972	0.0211099653	0.0504409369	-0.530211	-0.0947048	-0.146387	0.00339717	0.00131394	-0.00942525	0.2265616999999999	1.0049592735298365	-1.7411697986552683	-0.8311557399873781	-0.6196282157811185
0.0125231958	0.0346457907	-0.048154227	0.062736538	-0.0127439433	-0.031349387	-0.0537990611	-0.0160228644	0.0741980605	-0.0784400331	0.0256653693	0.0457649856	-0.501559	-0.112654	-0.20186	0.00412543	0.00148588	-0.00923806	0.1564437	0.4382787977619642	0.5606224442562263	0.3437874767658607	0.080430817382896
-0.1180857829	-0.0030800729	0.0449813269	-0.013378574	-0.0750610063	0.0229836603	-0.0545269847	-0.0141568597	0.0727942032	-0.0797727013	0.0301400206	0.0408817076	-0.514677	-0.0733955	-0.112733	0.0040987	0.000719703	-0.00961754	0.2001228500000001	1.294268595871655	-0.0293283889182275	-0.5954855297948707	0.0010701041282642
0.0964964234	-0.0695798022	0.0513113506	-0.0181817449	-0.0083968352	-0.0323004274	-0.0552480441	-0.0122837266	0.0713078786	-0.0809447178	0.0345198402	0.0358132251	-0.554047	-0.113418	-0.194389	0.00431851	0.00106342	-0.00977593	0.1971443499999998	0.9303872020025574	-1.7968323588055106	-0.7532996182823667	-0.0172607651503843
0.0234555435	0.0436130805	-0.0324277122	0.000940638	-0.0878515266	-0.0807603438	-0.0559621486	-0.0104044083	0.0697407705	-0.0819537224	0.0387910476	0.0305824998	-0.510178	-0.125461	-0.17607	0.00388993	0.00103455	-0.00913933	0.1289334999999999	0.7122772950734519	0.7275937356025933	-0.3291491321910478	-0.0280559820980564
-0.0225128372	0.101604277	-0.0216815301	-0.0001229191	0.0422831525	-0.0489738273	-0.0566692081	-0.0085198511	0.0680946541	-0.0827976831	0.042940204	0.0252132281	-0.489492	-0.0746977999999999	-0.137974	0.00400029	0.000594051	-0.00907081	0.1405141499999999	1.1336296142989832	0.7506537454147032	1.2463381114513867	-0.047600662733717
-0.0109042186	-0.0375484729	-0.0417606358	0.0225264989	0.0497222655	-0.0199403024	-0.0573691338	-0.0066310039	0.0663713945	-0.0834749003	0.0469542546	0.0197297343	-0.54422	-0.143327	-0.22406	0.00436784	0.000985571	-0.00974081	0.2808967	0.5654177208532821	0.7711158753525441	1.06545261484036	-0.0164059672259764
0.0249725356	-0.0111764851	0.1165738334	-0.0265236536	0.0359486012	0.0897593784	-0.0580618375	-0.0047388177	0.0645729439	-0.0839840102	0.0508205698	0.0141568597	-0.500939	-0.113527	-0.151591	0.00401625	0.0008613079999999	-0.00920884	0.1959411500000001	1.145812761487775	-0.2089425604944618	-1.605501915869154	-0.1124530559110781
0.0216001591	0.0541362307	-0.0772055666	-0.0521219131	0.0131716371	0.0470528243	-0.058747232	-0.0028442454	0.0627013396	-0.0843239875	0.0545269847	0.0085198511	-0.589282	-0.103006	-0.190905	0.00452148	0.00109949	-0.0105945	0.2446315999999999	1.0954915140582118	0.4971126329626052	1.3679328600036542	0.1865127886701753
0.0172439338	-0.0718259482	-0.0416906857	-0.0124729843	0.0010585131	0.0127079348	-0.059425231	-0.000948241	0.0607587021	-0.0844941474	0.0580618375	0.0028442454	-0.577355	-0.116672	-0.229527	0.00482765	0.00118542	-0.0100573	0.11068	0.6825697746930063	0.1544636620149793	0.6812541259887938	-0.1367364576414503
0.0136748352	-0.0788793902	0.0894642381	-0.0288416055	0.0414859436	0.0338588625	-0.0600957491	0.000948241	0.058747232	-0.0844941474	0.0614140063	-0.0028442454	-0.535514	-0.0936035	-0.177171	0.00409565	0.00113947	-0.00961637	0.1782094999999998	0.989845383741088	-0.9948017152202748	-1.0727042958637971	-0.0085872668201195
0.0360610557	0.1253088535	0.0790235627	-0.0261889721	-0.0433545885	-0.0223284513	-0.0607587021	0.0028442454	0.0566692081	-0.0843239875	0.0645729439	-0.0085198511	-0.488963	-0.0508454	-0.117733	0.00447667	0.000911514	-0.00877569	0.2212299000000002	1.3647158672941575	-1.2093164723071452	-0.89699226639152	0.1310697569770833
0.0476191185	-0.0513358469	-0.0246414338	-0.0116157678	0.0568550029	-0.0239903533	-0.0614140063	0.0047388177	0.0545269847	-0.0839840102	0.0675287111	-0.0141568597	-0.544238	-0.121456	-0.207024	0.00434857	0.00142131	-0.00959771	0.2881724000000001	0.7212949668128695	0.8665598090919061	-0.9263421558080844	-0.1164352505451982
-0.0206042761	-0.0959730949	0.0210215795	0.0096292586	0.0446674775	0.0589187723	-0.0620615793	0.0066310039	0.0523229885	-0.0834749003	0.0702720081	-0.0197297343	-0.553543	-0.123387	-0.223727	0.00442287	0.00111838	-0.0103241	0.0831199999999999	0.5806143343572185	0.3406894888230021	-0.4683007768412879	0.0658625081496703
0.008074535	0.1088380132	-0.0143394837	-0.0120521564	0.0162142841	0.1280439211	-0.0627013396	0.0085198511	0.0500597165	-0.0827976831	0.0727942032	-0.0252132281	-0.509995	-0.06005	-0.108489	0.00410085	0.000942605	-0.00919964	0.30323575	1.3938079929207767	0.1394709197674156	1.408851048288394	-0.1634605056938088
-0.0311131294	-0.0825689714	-0.0901553938	-0.0165228967	-0.0609192959	0.0365681854	-0.0633332067	0.0104044083	0.0477397327	-0.0819537224	0.0750873609	-0.0305824998	-0.55672	-0.131925	-0.197015	0.00433912	0.00144197	-0.0096316	0.26560575	0.7855055950421179	1.4327085017465184	1.4128240989046443	-0.10069517159431
-0.0443701617	0.0327109725	-0.0201300944	0.0490309613	-0.0670857715	-0.0679890432	-0.063957101	0.0122837266	0.0453656653	-0.0809447178	0.077144266	-0.0358132251	-0.530472	-0.140353	-0.191572	0.00429414	0.00163727	-0.00984505	0.0628054999999998	0.6371287149593355	-1.5509051851501894	0.7541553255304835	-0.1118219228358847
0.030902576	0.0723632977	0.0428538265	-0.0774705604	-0.0437199311	0.0053990471	-0.0645729439	0.0141568597	0.042940204	-0.0797727013	0.0789584467	-0.0408817076	-0.525977	-0.0679344	-0.13427	0.00430366	0.00103428	-0.00926332	0.1939276	1.3622455979699275	-0.0627756194694384	-0.5137163366015363	0.0601317260800633
-0.0094638073	0.0175425176	-0.0915074832	0.0187776434	-0.1337881712	-0.0498522471	-0.065180658	0.0160228644	0.0404660964	-0.0784400331	0.0805241949	-0.0457649856	-0.531201	-0.117732	-0.225971	0.00516544	0.000762179	-0.00952133	0.21631715	0.9039831747726508	0.7755615580144295	2.0742089261868184	0.657782509333395
-0.0716639324	-0.0319974516	-0.0245601855	0.0516471503	-0.07734643	-0.0387611906	-0.0657801667	0.0178808011	0.0379461454	-0.0769493972	0.0818365842	-0.0504409369	-0.522505	-0.116735	-0.208698	0.00435879	0.00104016	-0.00935271	0.08962855	0.7555592257695497	0.0107241319051827	0.9235922777350428	0.1052768885368151
-0.0431286593	-0.0784232469	0.0020917549	0.0133433042	-0.0491780406	-0.1159411856	-0.0663713945	0.0197297343	0.0353832058	-0.0753037955	0.0828914853	-0.0548883781	-0.508676	-0.1288	-0.208719	0.00432608	0.00104498	-0.00966207	0.0432594999999999	0.7121830729356954	-0.5029003525308741	-0.1521461157212076	0.2437869121191937
-0.0237969373	0.0148209094	0.1725564535	0.0002730362	-0.0182305949	0.0528514048	-0.0669542672	0.0215687329	0.0327801813	-0.0735065419	0.0836855791	-0.0590871613	-0.530765	-0.0691378	-0.157037	0.00452584	0.000889378	-0.00947829	0.1603902999999999	1.3865869981628556	-1.9238510364188937	-1.1280072502921763	0.3005420556980091
0.0543783541	-0.0372586324	0.0171547707	-0.0325927583	0.0558261418	-0.0251209735	-0.0675287111	0.023396871	0.0301400206	-0.071561256	0.0842163671	-0.0630182648	-0.613063	-0.144942	-0.207048	0.0050157	0.000821566	-0.0107217	0.2981673	0.9677021378431254	-0.6585560000633144	-0.3222386642802132	-0.0239239904747491
0.007605301	-0.0067978501	-0.0380782403	0.0331599701	0.0591874014	0.1036130127	-0.0680946541	0.0252132281	0.0274657147	-0.0694718551	0.0844821793	-0.0666638799	-0.571871	-0.151942	-0.225381	0.00458346	0.00119078	-0.0103265	0.1263577	0.5802504380055064	-0.4538845185659568	0.7324146639443933	0.0171111627793465
-0.0419170296	-0.0340842638	0.1182840895	-0.0460568127	-0.0078614403	0.1168225919	-0.068652025	0.0270168896	0.0247602935	-0.0672425473	0.0844821793	-0.0700074909	-0.54944	-0.088035	-0.145451	0.00470704	0.00107951	-0.0098185	0.2034104999999999	1.5285822977353307	-0.8793997160577579	-1.025929645075052	0.2383025986743182
0.0934022246	-0.0454319747	0.0650004384	-0.0318723584	0.0160243785	0.0063036476	-0.0692007534	0.0288069473	0.0220268217	-0.0648778218	0.0842163671	-0.0730339505	-0.584533	-0.147353	-0.224333	0.00453932	0.00158322	-0.0104545	0.2386644999999999	0.8606851194563684	-2.055494401427004	-0.6035568588358189	0.0410905169475662
0.0252144454	0.0210340547	-0.0021639506	-0.0477108906	-0.025723236	-0.1082699681	-0.0697407705	0.0305824998	0.019268396	-0.0623824411	0.0836855791	-0.075729548	-0.539531	-0.146286	-0.162428	0.00450232	0.00109562	-0.00994994	0.159432	1.030698951923537	0.5763886388547086	-0.6679347865449011	0.2593725540101028
0.0182718875	0.0793274296	-0.029557004	-0.0475481145	0.045513058	0.0195011873	-0.0702720081	0.0323426531	0.0164881416	-0.0597614305	0.0828914853	-0.0780820718	-0.513389	-0.113003	-0.147998	0.00467914	0.000462793	-0.0095619	0.13373935	1.2448409684911643	0.6816641813695664	1.1478852054030215	0.3716404668430592
-0.022283052	-0.0270052483	-0.0966124745	0.0053834313	-0.0337460806	-0.04168593	-0.0707943994	0.0340865209	0.013689208	-0.0570200682	0.0818365842	-0.0800808642	-0.544579	-0.158281	-0.224447	0.00556468	0.0008977469999999	-0.00988664	0.2351787	0.8266645805509529	1.1761254568349608	1.6015572682326895	0.6615228935141724
-0.0472351163	-0.0006620452	0.0112484493	0.1342376589	0.0029621509	0.0282530957	-0.0713078786	0.0358132251	0.0108747661	-0.0541638752	0.0805241949	-0.0817168704	-0.479681	-0.166569	-0.267119	0.00498924	0.0014376	-0.00918864	0.20652265	0.4736917046690377	-1.3883981528889875	0.5437287779931748	0.7600237575411716
0.0495957578	0.0414153373	0.0359973426	-0.076722866	-0.0598076835	-0.0050601816	-0.0718123811	0.0375218963	0.0080480044	-0.0511986033	0.0789584467	-0.0829826787	-0.455254	-0.126937	-0.155806	0.00469883	0.0008110819999999	-0.00833567	0.2638669	1.1603365533180816	-0.2944232776489489	-1.127277235799052	0.5271751796098303
0.0635468577	0.0305386064	-0.0178956375	-0.0045179157	0.0793995964	-0.0914183103	-0.0723078435	0.039211674	0.0052121252	-0.0481302242	0.077144266	-0.0838725547	-0.503322	-0.156294	-0.208073	0.00489748	0.000726452	-0.00921486	0.1878155	0.9974418489609744	-0.0784474046219347	0.2969519913096183	0.6304641217561203
-0.0086764084	0.0296800908	-0.0652903942	0.0546155051	-0.0022332988	-0.0451657921	-0.0727942032	0.0408817076	0.0023703413	-0.0449649173	0.0750873609	-0.0843824671	-0.480939	-0.205696	-0.236954	0.00501381	0.00108568	-0.00929335	0.1283684	0.4288699051473718	0.531281046472778	0.7308108833026765	0.9033659122851933
-0.140393083	0.0058532068	0.0911726646	-0.0055833671	0.0469136904	0.0709889067	-0.0732713992	0.0425311559	-0.0004741279	-0.041709057	0.0727942032	-0.0845101058	-0.481433	-0.150848	-0.127735	0.00437814	0.000556028	-0.0087814	0.2484246	1.3777700825210446	-0.201499888531939	-0.5503138708707419	0.3890821048038259
0.0965428325	-0.0840669335	0.0495036521	-0.0835169119	0.0248752273	0.0034513304	-0.0737393713	0.0441591885	-0.00331806	-0.0383692002	0.0702720081	-0.0842548926	-0.562339	-0.177686	-0.202986	0.00489555	0.00105235	-0.0100441	0.2968166000000001	1.0414444261314464	-2.2841250592911946	-0.3504330319792987	0.4451369478785057
0.0349162225	0.0602349469	0.0065500499	0.0832343913	0.0441412529	0.0099905128	-0.0741980605	0.0457649856	-0.0061582331	-0.034952073	0.0675287111	-0.0836179837	-0.514257	-0.21637	-0.221904	0.00521216	0.00102464	-0.00993676	0.1282670000000001	0.5870220659230261	0.6214986191696033	-0.4518766547781215	0.6800166116065489
-0.0620314188	0.0772115879	-0.0402666272	-0.0205853683	0.0342977864	0.0962910504	-0.0746474093	0.0473477387	-0.0089914297	-0.0314645569	0.0645729439	-0.0826022645	-0.501144	-0.144558	-0.12907	0.00449087	0.000713606	-0.0088702599999999	0.2827001999999999	1.3791806046548665	0.7770126871322249	1.831157601227568	0.4508114765993556
-0.0585241088	-0.0802782801	-0.0369314816	-0.0336859691	0.0525587094	-0.030753236	-0.0750873609	0.0489066508	-0.01181444	-0.0279136754	0.0614140063	-0.0812123363	-0.537747	-0.180742	-0.206219	0.00502981	0.000668124	-0.00967065	0.2191766	0.9829741342286076	0.292970881516053	0.8018155113015879	0.5890804858055353
0.0035437517	-0.0693484993	0.064178458	0.0888361992	0.0777680713	0.0365389272	-0.0755178601	0.0504409369	-0.014624066	-0.0243065795	0.0580618375	-0.079454496	-0.50618	-0.21078	-0.23744	0.00521001	0.000994541	-0.00980337	0.12479285	0.5474933258340302	-0.0814469977964063	-0.5187634961669021	0.7291350485075436
0.0123617646	0.0932795988	-0.0154460173	0.0013483896	0.0060426551	0.0929400203	-0.0759388526	0.0519498245	-0.0174171245	-0.0206505334	0.0545269847	-0.0773367069	-0.488408	-0.143048	-0.1545	0.00523188	0.000631944	-0.00926673	0.2144993499999999	1.3695203711511847	0.4779981361040116	1.1079491586813357	0.6857536154573477
-0.0059082686	-0.0668836323	-0.1017230399	-0.0152935324	-0.0750936538	0.0172498672	-0.0763502854	0.0534325538	-0.0201904515	-0.0169528998	0.0508205698	-0.0748685632	-0.531656	-0.178909	-0.232097	0.0057931	0.0008978369999999	-0.00995827	0.2326386499999999	0.9135059939416592	0.8379673266535927	1.8578912533236125	0.9284468172624324
-0.0526480033	-0.0236468266	-0.0191819685	0.0233402045	-0.0620643035	-0.0443583417	-0.0767521067	0.0548883781	-0.0229409051	-0.0132211254	0.0469542546	-0.0720612463	-0.448091	-0.185212	-0.234937	0.00523849	0.000903926	-0.0094357	0.1468714499999999	0.5623240676776516	-0.8018816231176291	0.2108670653798771	1.147769848990038
0.0686161135	-0.0466681277	0.1187099998	-0.0222121018	-0.0649042992	-0.016677529	-0.077144266	0.0563165645	-0.0256653693	-0.0094627253	0.042940204	-0.0689274738	-0.420933	-0.112166	-0.202753	0.00540516	0.000869394	-0.00847756	0.1903551	1.0832692346579804	-1.5369482022161125	-1.1832790953293617	1.1719922314566646
0.0976804084	-0.0332361076	0.022737224	0.0767862619	-0.0897767372	-0.0981287418	-0.0775267139	0.0577163939	-0.0283607577	-0.0056852686	0.0387910476	-0.0654814427	-0.442476	-0.151762	-0.322885	0.0066362	0.00130793	-0.0087832199999999	0.2800327999999998	0.5784349897553487	-1.6040745260161575	-0.0574830921242097	1.7620935865162928
0.0475849289	0.0130202729	-0.07527124	0.0995686465	0.039884407	-0.0328049782	-0.0778994022	0.0590871613	-0.0310240166	-0.0018963626	0.0345198402	-0.0617387643	-0.419258	-0.167806	-0.303682	0.00603715	0.00130793	-0.00864511	0.0953229999999999	0.3175564425051829	0.4092776563219696	1.3282030797778197	1.395712101000992
-0.060134238	-0.0341612181	-0.0687986532	-0.0362987692	-0.0338452868	-0.0036854723	-0.078262284	0.0604281765	-0.0336521289	0.0018963626	0.0301400206	-0.0577163939	-0.398015	-0.16965	-0.199427	0.00548254	0.00130793	-0.00815268	0.1796939999999999	0.9668833755561898	0.8490670328894423	0.965767492106508	1.3743868307404976
-0.0713255435	-0.0417815191	-0.0566397648	-0.0237328178	0.054423915	-0.0611805408	-0.0786153136	0.0617387643	-0.0362421173	0.0056852686	0.0256653693	-0.0534325538	-0.421115	-0.152838	-0.22431	0.00541876	0.000841382	-0.00854184	0.1107694	0.8973200128320995	0.3396890716658193	1.179477542175088	1.3344521514431342
-0.0019439689	-0.0477178064	-0.0228638625	0.1007800948	0.0035774321	-0.0275267359	-0.0789584467	0.0630182648	-0.0387910476	0.0094627253	0.0211099653	-0.0489066508	-0.427626	-0.197022	-0.295212	0.00571978	0.00121364	-0.0086978999999999	0.1630638999999999	0.3260105967128246	-0.4535839854129932	0.3331701966847075	1.2909282511594582
0.050587283	0.0395851273	0.1219640807	-0.0525186344	0.012350431	0.0580003658	-0.0792916399	0.0642660337	-0.0412960321	0.0132211254	0.0164881416	-0.0441591885	-0.402018	-0.152141	-0.179089	0.00527112	0.00112557	-0.0081224899999999	0.242219	1.1925941580646255	-0.7931976984414703	-1.5978548639341823	1.406982480140124
0.0498260439	0.037968325	-0.0342359226	-0.0107700619	-0.0164334633	-0.0560102311	-0.0796148514	0.0654814427	-0.0437542331	0.0169528998	0.01181444	-0.039211674	-0.425639	-0.16263	-0.247184	0.00615822	0.000895727	-0.0085829	0.18107265	0.9448325669242388	-0.1540998619839952	0.1867194731109425	1.845055561328924
0.036016469	-0.0421496883	-0.0843135023	-0.0502888741	0.0066929644	0.0134167301	-0.0799280405	0.0666638799	-0.0461628656	0.0206505334	0.0071035659	-0.0340865209	-0.399976	-0.175702	-0.252855	0.00598459	0.000984243	-0.00819269	0.0770237999999999	0.648634638778215	0.4920679101034426	1.3941095644233654	1.5662060900465071
-0.0549251292	-0.0665203156	-0.0406542047	0.0866042627	0.0369978728	-0.0287079577	-0.0802311677	0.0678127497	-0.048519201	0.0243065795	0.0023703413	-0.0288069473	-0.360454	-0.18925	-0.269283	0.00592364	0.00130793	-0.00772878	0.11192535	0.3114800744657598	0.5310068086997649	0.0684550513080431	1.6400719933007455
-0.117696768	0.0164247477	0.1069195471	0.0362139877	0.051603544	0.0426221822	-0.0805241949	0.0689274738	-0.0508205698	0.0279136754	-0.0023703413	-0.023396871	-0.314291	-0.122001	-0.148471	0.00523583	0.0008667889999999	-0.00642263	0.35597905	1.0602490498250607	-0.971134348643904	-0.6817601581102816	1.61412635566933
-0.0097414678	-0.1067937589	-0.0105922592	0.0261741227	-0.0337261725	-0.0530374635	-0.0808070852	0.0700074909	-0.0530643648	0.0314645569	-0.0071035659	-0.0178808011	-0.36235	-0.188649	-0.243672	0.00582821	0.0008667889999999	-0.00746693	0.291742	0.6755009172151054	-1.0031378207912904	-0.4351980095181822	1.6307568640080847
0.0738450803	0.032591436	0.0413728918	0.0606006883	0.014810046	-0.0785332556	-0.0810798029	0.0710522571	-0.0552480441	0.034952073	-0.01181444	-0.0122837266	-0.333925	-0.215674	-0.225997	0.00547372	0.0008667889999999	-0.00754199	0.0946025	0.387880435103603	0.0273071209687832	-1.6229346484782616	1.7841818029139542
-0.0523102	0.1086787001	-0.028459527	-0.0027756503	0.0769028673	0.0412366274	-0.0813423138	0.0720612463	-0.0573691338	0.0383692002	-0.0164881416	-0.0066310039	-0.243772	-0.140026	-0.157432	0.00545105	0.00036353	-0.00604732	0.33539595	0.7867493413499487	1.6371983418520903	0.8188892147774347	2.2749081580455397
0.0534271006	0.017113147	-0.0572232628	-0.031788989	0.0305425125	-0.0178672598	-0.0815945848	0.0730339505	-0.059425231	0.041709057	-0.0211099653	-0.000948241	-0.349102	-0.198896	-0.218425	0.00556504	0.000321602	-0.0076421099999999	0.3127284	0.5305756766163686	0.4639900754941097	0.7094389697912131	1.540188844594585
-0.0112413757	0.0384385907	-0.0785946174	-0.0583880512	-0.0418076997	-0.0564709137	-0.0818365842	0.0739698799	-0.0614140063	0.0449649173	-0.0256653693	0.0047388177	-0.318737	-0.172798	-0.183117	0.00526041	0.000447098	-0.00632483	0.1791413	0.737162101012558	1.516211546434954	0.7777360623349223	1.5675022032723156
0.0120013366	0.1509355615	0.0539507642	-0.0095625013	0.0942715145	-0.0752481908	-0.0820682814	0.0748685632	-0.0633332067	0.0481302242	-0.0301400206	0.0104044083	-0.243151	-0.116132	-0.14987	0.00503682	0.000447098	-0.00519385	0.2332275	0.6992777438481561	-0.4783601960335611	-0.433613184407456	1.778756034515366
0.0229078898	-0.0423456465	-0.0147596752	0.0171142343	0.0750763488	-0.0402334635	-0.0822896473	0.075729548	-0.065180658	0.0511986033	-0.0345198402	0.0160228644	-0.291693	-0.182292	-0.214448	0.00546621	0.000447098	-0.00568716	0.225415	0.3569958608755089	1.3203482952152756	-1.1786096636169223	1.5813786150911062
-0.0424400422	-0.0180620861	-0.0241474338	0.0253957594	0.0543012023	0.0548731909	-0.0825006541	0.0765524007	-0.0669542672	0.0541638752	-0.0387910476	0.0215687329	-0.314677	-0.202203	-0.208374	0.00563172	0.000447098	-0.00730219	0.1379959999999999	0.5525940755723118	-0.3277690099572727	0.0338432181687593	1.8254545887902227
0.0546649856	0.087901351	0.0456269659	-0.0235239383	0.0288333227	0.0810535202	-0.0827012752	0.0773367069	-0.068652025	0.0570200682	-0.042940204	0.0270168896	-0.326069	-0.129497	-0.16777	0.00535488	0.000210645	-0.00669251	0.18085065	0.9309647094935798	-0.6490877730273282	-0.953174269680017	1.760797774162621
0.0581237249	0.0157264433	0.0237257657	0.0621905425	-0.0284108511	0.0236605845	-0.0828914853	0.0780820718	-0.0702720081	0.0597614305	-0.0469542546	0.0323426531	-0.331703	-0.203269	-0.257049	0.0056588	0.000818324	-0.0075848699999999	0.25888295	0.444287722248725	-0.6936780711913186	-0.6283434407453871	1.7213540851473297
0.014906492	0.0588140399	-0.0158237885	-0.0766718234	0.008918196	0.0634106351	-0.0830712604	0.07878812	-0.0718123811	0.0623824411	-0.0508205698	0.0375218963	-0.31567	-0.181311	-0.148045	0.0052574	0.000447098	-0.00676499	0.2266203	0.9357147775517044	0.4239178783558524	-0.1654506952808222	1.4217655203214563
0.0135401575	0.0419393071	-0.0591016349	0.0066223051	0.008260684	0.0479200445	-0.0832405781	0.079454496	-0.0732713992	0.0648778218	-0.0545269847	0.0425311559	-0.329475	-0.143458	-0.20509	0.00572944	0.000384709	-0.00687226	0.14078795	0.842399306108191	0.908536992778381	1.049109878219657	1.895754282651953
0.0148760132	-0.0406829806	-0.0887621681	-0.0038292367	-0.0074928236	0.0184053952	-0.0833994168	0.0800808642	-0.0746474093	0.0672425473	-0.0580618375	0.0473477387	-0.327182	-0.175022	-0.221499	0.00614354	0.000447098	-0.00669545	0.08293095	0.6127704832613079	0.6495115062713712	1.5984513734511765	1.7507943720477432
-0.0501866356	-0.0750667565	-0.0183269625	-0.0040051931	0.0003151641	0.0079012399	-0.0835477567	0.0806669094	-0.0759388526	0.0694718551	-0.0614140063	0.0519498245	-0.307707	-0.198933	-0.215935	0.0058767	0.000447098	-0.00695665	0.0753519999999999	0.5108272597657737	0.2335361054835844	-0.2107054329915546	2.052004841635781
-0.0706469052	-0.0151217276	0.0614631838	-0.0120715566	0.0024804151	0.0700796038	-0.0836855791	0.0812123363	-0.077144266	0.071561256	-0.0645729439	0.0563165645	-0.290669	-0.137891	-0.170442	0.00559252	0.000388046	-0.00642492	0.1673210999999999	0.9337494641725734	-0.7190709625108355	-0.584545826196956	2.054828842545639
-0.0262133693	-0.078324867	-0.0160052933	0.0366505651	0.0202103726	-0.0636921198	-0.0838128666	0.0817168704	-0.078262284	0.0735065419	-0.0675287111	0.0604281765	-0.321786	-0.229566	-0.244565	0.00601587	0.00120297	-0.00714852	0.2950087	0.4222101810176018	-1.2904579135925844	-0.0792935881579795	1.6406460618488663
0.0049325778	0.096379706	0.007028276	-0.0779839688	-0.0294336102	0.0890028166	-0.0839296032	0.0821802575	-0.0792916399	0.0753037955	-0.0702720081	0.0642660337	-0.30649	-0.213545	-0.120249	0.00542741	0.000881658	-0.00656559	0.2302681000000001	1.131714615036546	0.1673520312017139	-0.0390402187876556	1.6387150314851369
-0.0963782191	-0.0620195937	-0.1101727001	-0.0709867965	0.0722236451	0.0008881641	-0.0840357741	0.0826022645	-0.0802311677	0.0769493972	-0.0727942032	0.0678127497	-0.321604	-0.194737	-0.17658	0.00559663	0.0008083969999999	-0.00676558	0.11237655	0.8902543452068414	1.6001989268512522	1.0454451759856864	1.832522641175564
-0.0482475518	-0.0228079492	0.0337553041	0.0984586553	-0.1040820241	0.0710108916	-0.0841313661	0.0829826787	-0.0810798029	0.0784400331	-0.0750873609	0.0710522571	-0.265133	-0.237601	-0.202605	0.00563923	0.000962043	-0.00610354	0.1682743	0.1754179599886675	-0.8387104639294627	-0.9164913862659592	1.9186429700582024
-0.0208308865	0.0336847732	0.1141951482	-0.056738605	0.0097493573	-0.0268326438	-0.0842163671	0.0833213086	-0.0818365842	0.0797727013	-0.077144266	0.0739698799	-0.222604	-0.160956	-0.0969055	0.00463494	0.000447098	-0.00479579	0.36622275	1.0430326230802005	-0.5912976907715304	-0.864376047851173	1.8731701486784569
0.0668182688	-0.0863388787	0.0891741596	-0.0124222207	0.1067903226	-0.1884434048	-0.0842907664	0.0836179837	-0.0825006541	0.0809447178	-0.0789584467	0.0765524007	-0.180909	-0.206578	-0.229016	0.0055798	0.000447098	-0.00430774	0.291073	0.137912748823605	-2.046780617096902	-1.1631426304286472	2.863790191935124
0.0176229883	0.0035804966	-0.0048031013	0.0505701663	-0.0631458193	0.0098201812	-0.0843545547	0.0838725547	-0.0830712604	0.0819537224	-0.0805241949	0.07878812	-0.165197	-0.286431	-0.232008	0.00650678	0.000447098	-0.00489198	0.1741179999999999	-0.1486592328385576	1.1036962869139144	-1.1426560046363448	3.071935400044535
-0.0328507544	-0.0067716281	-0.0530980194	-0.071878724	-0.0906022272	-0.0249262819	-0.0844077238	0.0840848933	-0.0835477567	0.0827976831	-0.0818365842	0.0806669094	-0.181268	-0.232195	-0.161464	0.00551543	0.000447098	-0.00486781	0.191627	0.4241024036678909	-0.0336885871933009	0.3202900310917755	2.91265069441016
-0.0092639401	0.0205178697	0.1314276136	-0.0499165267	-0.0378614506	0.0496095584	-0.0844502671	0.0842548926	-0.0839296032	0.0834749003	-0.0828914853	0.0821802575	-0.209699	-0.167747	-0.119986	0.00582473	0.000447098	-0.00520215	0.166539	1.0082034716991592	-1.3923726283278297	-1.2970068593120772	2.620676639021848
0.0676425781	-0.0305553746	0.0345495735	0.0283598344	-0.0798443236	0.0359168603	-0.0844821793	0.0843824671	-0.0842163671	0.0839840102	-0.0836855791	0.0833213086	-0.294772	-0.245215	-0.227435	0.00638053	0.000447098	-0.00628487	0.3519159999999999	0.6541644332863032	-1.704826375600108	-0.2279527360485438	2.43996085996937
0.0448722245	0.0130393154	-0.0313269499	-0.0070247648	-0.118957575	-0.0925473753	-0.0845034564	0.0844675524	-0.0844077238	0.0843239875	-0.0842163671	0.0840848933	-0.243838	-0.261758	-0.208737	0.00680782	-2.72746e-05	-0.00586697	0.1521531299999999	0.4031224119145987	0.3236039665434262	-0.8302618592722535	3.0928952312787
0.0045565854	0.0673698953	-0.0310457418	0.0223567521	0.0403410075	0.0847178968	-0.0845140955	0.0845101058	-0.0845034564	0.0844941474	-0.0844821793	0.0844675524	-0.204709	-0.188444	-0.170724	0.0066943	-0.000323729	-0.00544737	0.19193472	0.8923972452925268	1.2708502253054563	1.3206005982334368	3.063685573496419
