0.0	0.0	0.0	0.0	0.0	0.0	0.0	0.0	0.0	0.0	0.0	1.0	0.0455735479969092	0.048954867118212	-0.0838678946367537	0.0004999998659706	0.0007859998799388	-1.964806525797994e-07	0.0	-2.496660032895355	-5.660866511076201	0.6545310655180078	-2.2967347880011286	0.7834429924249622	-0.4187043178402795	-1.5806491628975774	-1.7845251539200244	8.507151172680306
0.0308722341	-0.0198627951	0.1032218379	0.0510239848	-0.2391283038	0.1314398129	0.0887339541	0.0887288637	0.0887203798	0.0887085029	0.0886932334	0.0	0.0380353063250424	0.1068648534154448	-0.1521505860605145	0.001479001688508	0.0008149995168462	-1.1027062321546837e-06	0.1841763036440791	-3.3652036929675613	-4.300351409230235	-0.9551707392001662	-1.8798192004596856	0.9315182705940984	1.1229916242079991	-0.4050312074835914	-1.6587188254677243	3.728204821497461
-0.0674778797	-0.0151762847	0.2225122784	0.0507201754	-0.0945607881	0.1030034427	0.0887203798	0.0886745718	0.0885982425	0.0884914183	0.088354136	0.0	0.0273778520690655	0.102414750217477	-0.071289370758393	0.0007579441191253	0.0006780626565523	0.0001652432274846	0.1471857909257339	-1.378166813423816	-3.648920958091269	-0.0644886069287415	-1.848282226705822	-0.1420521985686605	0.9642690436150918	0.8194350426649328	-2.0118044346442288	3.710661008686092
-0.0026353243	-0.0615183926	0.1783029772	-0.071815826	-0.1088574031	0.0941958234	0.0886932334	0.0885660212	0.088354136	0.0880577804	0.0876772378	0.0	0.0385377233705241	0.0776577853849289	-0.1446978952363338	0.0014759122868134	0.0006821821559073	0.0002459965171353	0.1494674084466375	-3.6462899007933673	-3.578981226355637	-0.4845331578933668	-2.07330334336041	1.327523310114713	-0.5955519444070105	1.605866522437488	-1.544849650216876	2.4952490754717656
-0.0122211563	0.012767967	0.0769899763	-0.0803905305	-0.0706584911	0.1537391364	0.0886525188	0.0884032783	0.0879883964	0.0874086504	0.0866651266	0.0	0.0175170170077905	0.1366351981606612	-0.0616023929610634	0.0008400189685273	0.0006869771258091	-5.428846474375541e-05	0.2101422849170841	-1.6383816724055786	-2.364465854977853	-1.035241220048207	-1.619248585643187	-0.0625261399619365	-1.4671850867623049	0.5463074570246016	-1.8266530576365203	1.942527830716261
-0.0100850157	-0.0475927754	-0.0874975649	-0.0050807796	-0.1050599927	0.1000935314	0.0885982425	0.0881864428	0.0875015271	0.0865456167	0.0853216721	0.0	0.0147590288239598	0.0686325812909274	-0.0818107068094491	0.0001199424096684	0.0005790115998576	0.0001989649658118	0.1450336946702479	-2.674279457066925	0.2827686126588092	0.2967668924912513	-0.5536166666985046	1.3884937285032983	-0.4395985610727989	-1.5080735973837578	-1.6602487417924368	0.7448832107508069
0.0581045744	0.0264326915	0.0154776268	0.1029219733	-0.0672216946	0.0434656158	0.0885304127	0.0879156473	0.0868941985	0.0854707914	0.0836520106	0.0	0.0050498528160716	0.1053750490214753	-0.0818939926436144	-6.199995117900606e-05	0.0003130003298763	9.6519495901924e-09	0.0788803768071471	-1.347842971101134	0.2505851177866612	-1.553577858722063	-0.5248224814710223	0.6524243838784413	1.3266235079771065	-0.5177008745715577	-1.481996858184415	-0.3240123949235214
-0.0983748487	-0.0137511165	0.0596401416	0.0292342129	0.0603238063	0.0476467171	0.0884490397	0.0875910574	0.0861672466	0.0841868048	0.0816625256	0.0	0.0015939739615902	0.0497598423238656	0.0176357344663244	-0.0006130003303018	0.0005279996942235	1.6184669048003016e-07	0.1969084095725741	-0.0740681121087501	0.2908146896930042	0.7339288418085959	-0.8632966570459853	0.0506330465821933	0.636174207882205	1.1522492442675716	-1.7100235968131243	1.1576748268714947
0.0516784719	-0.0658933787	0.0289291414	-0.0902518935	0.0168809521	0.0757314996	0.088354136	0.0872128719	0.0853216721	0.082696799	0.0793608235	0.0	0.0132095058505683	0.0651858601517858	-0.0655662296068868	0.0003149890632047	0.0003370094390253	6.194693976823627e-05	0.1692817508792323	-2.035142870271717	0.2560919114253053	-0.8799358223643142	-0.9405841882502216	1.3979079141213653	-1.363108790889743	0.7325085559742301	-1.193611875910334	-0.4137559583388773
-0.0360629832	0.079054008	-0.0315251201	-0.1216109912	-0.0537300045	-0.0034146754	0.0882457162	0.086781322	0.0843586391	0.0810044202	0.0767557043	0.0	0.007436722529647	0.0790899423646891	0.013275912483138	-0.0006119997567142	0.0003770001402023	1.1532876474732717e-07	0.1499595642288188	0.4536938837400588	0.2434441404368091	-0.8599627608179077	-0.5306271184543875	-0.4560708742600284	-1.0642392757177397	-1.0019680036118397	-1.6270356936486414	0.7173277057653136
0.0087525588	-0.023639788	-0.0501538166	-0.0008003303	-0.078734647	-0.0795733316	0.0881237967	0.0862966719	0.0832794735	0.07911381	0.0738571281	0.0	0.0075749775229922	0.0270097131055706	-0.0130211396977131	-0.0003230134772811	0.000364988419754	7.155893221298253e-05	0.0971376165997965	-1.6627689653894917	0.3749875374643694	0.2075241858807541	-0.538951650989383	1.3282716994565982	0.9311678388213308	-1.2730842285229025	-1.277164142956479	0.5315322702219882
0.0567477608	0.0441823335	0.0904087054	0.044212707	0.0162273784	-0.1032686398	0.0879883964	0.0857592182	0.0820856608	0.0770295951	0.0706761768	0.0	0.0074158205819401	0.0773970885125834	-0.0072523243084106	-6.999999811738462e-05	-2.7973618976773196e-09	7.999999525934104e-05	0.0876376357036659	-0.4932655527865223	0.4348088923201262	-1.4948337829186775	-0.2356397284323758	0.3886329127906132	0.7897694648523708	1.026405210527776	-1.235396407996762	-0.0223026834771381
-0.0964749555	-0.039224441	-0.0233104402	-0.0085186004	0.0766152782	0.0409281673	0.0878395358	0.0851692896	0.0807788444	0.0747568758	0.067225012	0.0	0.0075675638734509	0.0179777265735623	0.0642200094437299	-0.0009820003508498	0.0005379996826364	7.641719008213716e-07	0.207505371787134	0.241975769158951	0.4376668369374577	0.9952513688367902	-0.6439047860350872	0.0259840729117249	-0.8376884200404475	1.0988295080950017	-1.5026143279895494	1.4640585968369726
0.0388388148	-0.0185764	-0.0776236708	-0.0089452129	0.0236611972	-0.0066757452	0.0876772378	0.0845272472	0.0793608235	0.072301214	0.0635168285	0.0	0.0172972380391627	0.0489987802065741	-0.0379850991832171	0.0003109819853382	0.0002750205621806	0.0001309573683974	0.2272635690826895	-1.8590359692330765	0.4830497168161298	-0.770703304863211	-0.5781176495560205	1.4481122978947965	-1.2208884907148465	-0.9199448267124726	-1.0012413876648036	-0.6937410848582618
0.0048598567	0.0767269496	-0.0240755772	0.0527215317	0.0011838996	-0.1022660807	0.0875015271	0.0838334838	0.0778335502	0.069668619	0.0595658037	0.0	-0.0102055323296639	0.0696037144852681	0.0527299345142893	-0.0005299995024234	0.0004619995768189	1.2246937840200078e-07	0.1967625084159719	0.5561691117264603	0.6435838292012707	-0.857611531551608	-0.3990596641459304	-0.5561099215773114	0.9102515628957648	-0.9537273299336488	-1.494543164296841	0.6089503393189857
-0.0112536651	-0.1102838141	0.0175404488	0.091473255	0.0226120165	-0.0540072597	0.0873124307	0.0830884239	0.0761991269	0.0668655331	0.0553870432	0.0	0.0006909395824266	0.0094575043124507	0.0282365003291005	-0.0005830064946308	0.0001849781873888	7.605384552813928e-05	0.1158341041594585	-1.3806158030556528	0.7494555886705618	0.5312571560769337	-0.445140413906622	1.4461932514017315	0.9996627557285496	1.0515859108325067	-0.9790721752694692	1.059064582871681
0.0429114261	0.0398518705	-0.004518917	-0.076353059	0.0640854152	-0.0960323826	0.0871099775	0.0822925233	0.0744598038	0.0638988161	0.0509965236	0.0	-0.0061682054642631	0.0430997599924154	0.0538941949925657	-0.0001479999996425	0.0001450002966196	1.068811500347616e-08	0.0937104725486513	0.1507078190830305	0.5317324028509606	-1.546589742099806	-0.5390229651520091	0.243691341002048	-1.3648726257982713	0.8157453043099698	-0.8567210105437113	0.3292505670504407
-0.1009131791	-0.0395449422	-0.0841288381	-0.0394402484	-0.0321445521	0.0030787056	0.0868941985	0.0814462692	0.0726179752	0.0607757281	0.0464110311	0.0	-0.0061060675617881	-0.0148208830440381	0.0796443923444911	-0.000988999779507	0.0004559998655029	2.254911628757437e-07	0.1413436858806375	-0.3530219949880351	0.3571362040628448	1.1485023845624371	-0.8891373947430968	0.3661715869177	-0.9190330195062412	-1.1896935296814446	-1.3451212406771291	1.1084846248004785
0.0727110019	0.0070841315	-0.071629471	0.00766168	-0.0033689592	-0.0281055195	0.0866651266	0.0805501793	0.0706761768	0.0575039116	0.041648097	0.0	0.0085783198656628	0.0392798426331921	-0.023967003654846	4.599499124987031e-05	0.000159001455821	6.299630591253888e-05	0.2421347088634398	-1.357590146176407	0.5879160802713617	-1.2352308193560864	-0.7881294238614595	1.2050983936081792	0.8725127659518874	-1.1108884882541574	-0.930656856364086	-0.4150061748184742
-0.0470725407	0.0613312644	0.0139629465	0.0185450293	0.0210998442	0.013490324	0.0864227969	0.0796048019	0.0686370817	0.0540913734	0.0367259315	0.0	-0.0061261059270805	0.039251749835401	0.0838594209295138	-0.0009639634625627	0.0002591385008934	-0.0002878750647873	0.1956072866541346	0.8478942507914994	0.6198017880315053	0.1233540469058566	-0.6238505796619159	-0.4999411413226213	1.2249579455575248	0.6913065263993883	-1.4595094843751195	0.8736339420081082
0.0237180146	-0.0343442377	-0.0012943641	-0.0792219686	0.0855657042	0.0014022923	0.0861672466	0.0786107155	0.066503497	0.0505464645	0.0316633531	0.0	0.0037725717603933	0.0071242680244267	8.128632600801211e-06	-3.199999990824463e-05	3.5638114681546524e-10	-2.1999973935042407e-05	0.1987262866963094	-1.4298811096532018	0.7827640506640476	-0.5914832054727515	-0.6240356988602073	1.34429443170977	-1.2521719817440309	1.1227345189350977	-0.8930028500524252	-0.1269716045512001
-0.0249396104	0.0995210386	-0.0542541615	-0.0640770803	-0.0483972295	0.0221103187	0.0858985145	0.0775685283	0.06427836	0.04687786	0.0264797175	0.0	-0.0160916182595087	0.0460073591898151	0.0965665516991691	-0.0006409301972255	0.0003356343912443	-0.000418892390327	0.222378536680477	0.983824203442084	0.7691042828379505	-0.835825035739022	-0.4029200982647508	-0.703378564391482	-0.7523994245074592	-1.1646383682535075	-1.2398786736727625	1.1176900153857556
0.0032297854	-0.0602636586	-0.0417588038	0.0676023539	-0.0515070105	-0.0284711229	0.085616642	0.0764788781	0.0619647338	0.0430945375	0.021194843	0.0	-0.0061281967401356	0.0226869141408911	0.0280249704400716	-0.0002550153131066	0.000161975853147	0.0001890205855687	0.1601997677329896	-1.231450577283978	0.8808385621358177	0.3156567477766742	-0.5601609501665926	1.193434550219698	1.478775253008057	-0.2499299658443712	-1.0158808329735105	0.2229695866111972
0.0295281121	0.0528155776	0.0770269473	0.0002904149	0.1384754049	-0.0099253746	0.0853216721	0.0753424315	0.0595658037	0.0392057555	0.0158289351	0.0	-0.0192884822841676	0.0595872674506949	0.0633551036154642	-0.0001979923143131	5.802619993189317e-05	-0.0002649941229743	0.1161401400568087	0.5101682827826646	0.8352696783678244	-1.382339746063583	-0.2262497161668708	-0.0378643007958475	-0.2135991196965436	1.323784248578946	-0.9799711905060892	0.1726324863274684
-0.0611686958	-0.060363013	-0.0635112837	-0.0192893758	0.0297924216	-0.0455556462	0.0850136499	0.074159884	0.057084872	0.0352210304	0.010402509	0.0	-0.0179904203152716	-0.0197871660137565	0.0918662712878131	-0.0009529288134917	0.0006171105512973	-0.00023120604933	0.1765741093151116	-0.3263249361053987	0.7630958822199388	1.0122868692095253	-0.7267676077263767	0.6816656539245932	-1.3718589643977683	0.9108649165171264	-1.0418522391400162	1.407878924721791
0.0856906872	0.0725556582	-0.034008648	-0.0533663983	0.057032579	-0.0253538508	0.0846926225	0.0729319592	0.0545253541	0.0311501135	0.0049363115	0.0	-0.0012587794307279	0.0254479462023766	0.0385740377284093	-0.0001009999974579	2.1182596343649607e-08	-0.0004189999536971	0.1980995911151734	-0.7275606115438913	0.8785419136170419	-1.3180350348207108	-0.1199837870677282	0.7820046900481645	-1.1531710363661436	-0.8418855564475389	-0.8667424820018534	-0.2086105594405017
-0.0608383553	0.0228091314	-0.0357245493	-0.0116817734	-0.0043800501	-0.0937337909	0.0843586391	0.0716594083	0.0518907737	0.0270029671	-0.0005487588	0.0	-0.0181194107333908	0.0025866363333051	0.1261538334112515	-0.001150964408602	0.0002696495678715	-0.0002593447943811	0.2012641346413394	0.7661738752156939	0.780950202986352	0.6171173392682094	-0.0307375111686315	-0.2479591224930484	0.9827751754381362	-0.7216765082605706	-1.209386781454126	0.7700264615315449
0.0702041097	-0.0541100586	0.0203205842	0.1000506244	0.0896681442	-0.0856324095	0.0840117508	0.0703430101	0.0491847576	0.0227897399	-0.0060317311	0.0	-0.0062120174750504	0.0023724504546862	0.0148429870380795	-1.399999973517961e-05	1.5552303889165842e-09	-0.0002270000692371	0.1953802828427278	-1.0822274231493298	0.9956570674012442	-0.9336047098556502	0.0032453888222474	1.3386191181980776	0.645215585752206	1.4411896089366023	-0.6472599912880145	-0.2360572037693474
-0.0327452915	0.09761613	0.0001678968	-0.0230814295	0.0666476798	-0.0310395939	0.0836520106	0.0689835701	0.0464110311	0.0185207424	-0.0114916426	0.0	-0.0245132004758659	0.011245584462955	0.1369214582930169	-0.0010079996505963	1.3304925894352948e-07	-0.0002639999787534	0.2008093409843204	1.0447243204720464	0.7032633638236381	-0.2025688075043258	-0.1235342766581688	-0.7927842140551903	-1.0092300371240526	1.1607996702743462	-1.2255561749278336	0.997391267587806
0.031658893	-0.0627138744	-0.1269287846	-0.0559734647	0.058519257	0.0308947663	0.0832794735	0.0675819199	0.0435734126	0.0142064215	-0.0169076184	0.0	-0.0033879988869074	-0.0217783467056875	0.0649324854752535	-0.0005229902294771	8.205895694102239e-05	-0.0002249785225192	0.1564359448271383	-1.072576412185538	0.8431266185481067	0.2155817154333251	-0.1046301836064548	1.4144399942692958	-0.9784839064846688	-0.9291686033096812	-0.6617364805906785	0.5772219535021114
0.0466492763	0.0593035225	-0.0840069247	0.0424033466	0.004238963	-0.1433905172	0.0828941965	0.0661389174	0.0406758086	0.0098573351	-0.0222589521	0.0	-0.0166568072038728	0.0248254345356997	0.1158050311315577	-0.0004829994638395	1.0121061144729993e-07	-0.0004189994562976	0.1265436075019355	0.7419018608758153	0.8829962677503229	-1.0677890649611552	-0.1594910068428755	-0.1790870235151048	0.9169906619706308	-0.7969928448347616	-0.8142663122063392	1.3196224792348288
-0.0005736425	-0.0542458869	0.0274004159	0.0884223938	0.0067593389	-0.0980890563	0.0824962387	0.0646554455	0.037722208	0.0054841262	-0.0275251839	0.0	-0.0080341291316301	-0.0143411752132323	0.0484528964828996	-0.0006330034366164	6.095821112528377e-05	0.0001320196266693	0.1532354252827146	-1.081948304156949	0.6260526311972858	0.543683116435504	0.0925127312910299	0.9726380970991818	1.6234854188452772	0.599831381104929	-1.1026666733656012	-0.8246044733805408
0.063667457	0.0197833728	0.0371535031	0.0095901795	0.1014066672	-0.0280539061	0.0820856608	0.0631324118	0.034716677	0.0010974967	-0.0326861799	0.0	-0.006422073914436	0.0397352270256163	0.0447654064270892	5.3995543099157234e-05	-0.0002410008281481	-3.699351251505627e-05	0.1172745054205179	0.0668615763386637	0.6366861270240959	-1.4021884674989198	0.3714535868343539	0.333128625713588	-0.1317559398037391	1.358319468704411	-0.9816243758595982	-1.0465338344737087
-0.0915249933	0.0232226381	-0.0453400395	-0.0151900965	0.0330058496	0.0152964785	0.0816625256	0.0615707483	0.0316633531	-0.0032918186	-0.037722208	0.0	-0.0167324290535617	-0.0084400682107173	0.1215004714797345	-0.0012210178021922	-0.0001698769133908	-0.0002021038980171	0.2107830977056396	0.6248217621385059	0.7012862085963939	0.98955056954015	0.4170319266405894	-0.047597092856624	-1.3447536199292096	0.1275374973384118	-1.1792602471077618	-0.1607595611193157
0.0609652291	0.0133333072	-0.1023466517	0.0295097442	-0.0445073084	0.0497285571	0.0812268979	0.0599714105	0.0285664397	-0.0076730782	-0.0426140143	0.0	0.0033457538833658	0.0094503675332902	0.0096817474501165	-0.0002469999840097	-9.877947348968519e-10	7.99999927425815e-06	0.2174872247640491	-1.146793388184568	0.7853837245946053	-0.8566605296045227	0.2660007065898235	1.3875259790961465	0.2492754579130846	-1.4321789216726932	-0.7450374242465521	-0.9087510241300712
-0.0175301109	0.0598579066	0.0302444437	0.0909852542	0.0298953392	-0.1030354544	0.0807788444	0.0583353771	0.0254302002	-0.0120355605	-0.0473428961	0.0	-0.0166857310901491	0.0478300801853066	0.0723528092136831	-0.0005549994542365	3.3573723356994385e-08	-0.0001209999332432	0.1429339576022154	0.8377047755824517	0.6403274318081804	-0.76104637318303	0.3203709412586711	-0.4635821222248715	1.2961490389224797	0.5493733328791695	-1.2605841408057004	-0.0537958881792748
-0.0284193719	-0.0742831553	-0.0075391111	-0.0403579234	0.0810882554	-0.0464224296	0.0803184336	0.0566636492	0.0222589521	-0.0163685898	-0.0518907737	0.0	-0.0036246158833819	-0.0191188375999473	0.049731482577485	-0.0004109999777568	-3.555034933100387e-08	0.0001730001378394	0.1245347932099686	-0.6690049751103296	0.601373927844363	0.409973459975117	0.1802450549643491	0.9278974684069824	-0.5856305821079997	1.1938428259513765	-1.053116211842366	-0.1908132504300859
0.099892028	-0.0136764789	-0.0423090183	-0.0672154687	-0.0216062607	0.0732261235	0.0798457358	0.0549572496	0.0190570611	-0.0206615624	-0.0562402593	0.0	-0.0008455679841148	0.0472356644216063	0.007605272398564	-8.09999981404869e-05	3.645779234062729e-10	-8.999998472097448e-06	0.1368615616424949	-0.8158804706088507	0.5123302538342811	-1.4510482322065743	0.0310213063322421	0.7774370553691557	-1.565995859595284	-0.4480512205939458	-0.88658347031183	-0.8967939417647328
-0.0561139113	0.0217551963	-0.0515688184	0.0118140939	-0.0293910995	0.0786899103	0.0793608235	0.0532172224	0.0158289351	-0.0249039727	-0.0603747238	0.0	-0.0123647555367085	0.0132348518793889	0.079376910431236	-0.0007880074535967	-0.0003029807120058	-4.861940150946111e-05	0.1697720348813481	0.9243339554163614	0.1135416988334525	0.0395977080606952	0.5162504334811145	-0.4157271960598546	-0.4455846797299398	-1.618031933879457	-1.4122551189487995	0.1216633725035206
0.0425672756	-0.0290733773	-0.0568093569	0.0541377904	0.016422263	-0.0185208343	0.0788637708	0.0514446324	0.0125790181	-0.0290854388	-0.06427836	0.0	0.0061918733650543	-0.0007239851057221	0.0127880418537245	6.301493872332497e-05	-0.0004219975799613	7.101330175411823e-05	0.1535879326413405	-1.5654681373947594	0.6015296707230197	-0.1279553039195549	0.2802318413003433	1.3784141376097752	1.2160612379561373	-0.6216334596331834	-0.940104770207238	-0.8376301565719385
0.0416359705	0.0684222589	0.0865954019	0.002374412	0.1137579119	-0.0678743689	0.0783546537	0.0496405642	0.0093117842	-0.0331957279	-0.0679362432	0.0	-0.0095222690656697	0.0558778296473292	0.0458081797108604	-2.302194569800696e-05	-0.0004219984923106	-0.0001040050442197	0.1183889021781337	0.6114602801349257	0.3583234932583585	-1.5231769964367303	0.4246564874944462	-0.1680584415977476	0.1457529468278722	1.338181960955121	-1.0847087970110507	-0.686215209622907
-0.0644748893	-0.025158735	-0.0403257436	-0.0496454417	0.0881871695	0.0310468482	0.0778335502	0.0478061216	0.0060317311	-0.0372247816	-0.0713343885	0.0	-0.0035039310887299	0.0019276346696415	0.0675718321653562	-0.0008770068012513	-0.0004219861789449	-3.118500610613153e-05	0.1280730457607513	-0.3905730900924482	0.116213620432506	1.0239778893125793	0.4203597640571629	0.4953339625444768	-1.377315902348229	0.5044539217204681	-1.2930287307083064	0.3662038066600901
0.0737644608	0.0155683591	-0.1084845837	0.0212211858	-0.0171116798	-0.0257614764	0.0773005399	0.0459424272	0.0027433745	-0.0411627399	-0.0744598038	0.0	0.0108137258514773	0.0447807732556668	-0.0129924513998673	0.0001969997251697	-0.0004219996685856	1.0415640143655451e-06	0.1930474084005658	-1.479183142871063	0.1370228790336818	-1.2563397030394008	0.4121903398131841	1.1385152945452746	-0.6274357042371499	-1.349904021083275	-0.9575764891189112	-1.3062641870131226
-0.028148538	0.0578324319	-0.0598107631	0.0360874964	-0.0177611474	-0.0496562135	0.0767557043	0.0440506212	-0.0005487588	-0.0449999662	-0.0773005399	0.0	-0.012999045293597	0.0445264830738523	0.0824561705994	-0.000833529561923	-0.000421941855353	-0.000139175724292	0.1780559027577394	0.6924576077762119	0.6461401839876625	0.1108606683981903	0.4243240893582238	-0.4773247992841463	1.2856817932088511	-0.7937735732649939	-1.4850161986897166	0.3796650921261733
0.0179972093	-0.0546060828	0.0443114609	0.057289763	0.0178955695	-0.0454732021	0.0761991269	0.0421318613	-0.0038401367	-0.04872707	-0.0798457358	0.0	0.0035412214920427	0.0141470007708335	-0.0199044478123937	0.000170008691187	-0.000333995486563	5.2028384855541936e-05	0.2134148040528293	-1.751342954428463	0.4961113387368501	-0.5077595768123375	0.1529362611393663	1.374975818524416	0.758909766371991	1.2301856462119642	-1.0106648354977872	-0.9833127851344964
-0.0081351071	0.0563250521	-0.0014879591	-0.0549097091	0.0856264281	-0.005718924	0.0756308928	0.0401873216	-0.0071262281	-0.0523349304	-0.0820856608	0.0	-0.0129429100778821	0.0400651660254851	0.0930731366643442	-0.0006270885244297	-0.0004218687455166	-0.0004191322523688	0.2231864368910464	1.0647310885329409	0.5281100028553202	-0.8606847527024732	0.2365983701948675	-0.6138055020990597	-0.8598932266410005	1.2862162307144998	-1.1475779833886026	1.038191130401721
-0.0121179489	-0.092578388	-0.0462111597	-0.0467076221	0.0416091087	0.0481612916	0.0750510888	0.0382181918	-0.010402509	-0.0558147186	-0.0840117508	0.0	0.0011799689310549	-0.0064408110946914	0.028710725105725	-0.000449009133551	-0.000294985749502	-6.20662035017538e-05	0.15809268947575	-1.541254401553118	0.369624845373741	0.5235598963847986	0.2151013225363218	1.2855206580661127	-1.3445251967391028	-0.11047264673251	-1.039149372288221	-0.1673907901766855
0.0527873554	0.0538242063	-0.0321850366	0.0009307709	-0.0411191702	0.0421832558	0.0744598038	0.0362256768	-0.0136644694	-0.0591579187	-0.085616642	0.0	-0.008662260839344	0.0602463986689656	0.0380332064780333	-2.7029365619578248e-05	-0.0002809969713419	-0.0002090039371493	0.1149972348933176	-0.0969039154414232	0.3173357870509516	-1.5160356645565978	0.3196426227596202	0.2278881968500609	-0.6426556466146387	-1.278771777091478	-1.0355029448406814	-0.9742846160149105
-0.0986435878	-0.0518520964	0.0229142324	0.0260256621	-0.0762126192	-2.75409e-05	0.0738571281	0.0342109959	-0.0169076184	-0.0623563496	-0.0868941985	0.0	-0.0021608119633356	0.0110816406405973	0.0695861816198686	-0.0010770203430374	-0.0002279256590227	-0.0001386229203225	0.145891347374403	-0.3017355779667059	0.3211385930438863	0.8729179095503714	0.3894977855126686	0.3694169689215015	1.1510796410097213	-0.7741775085676531	-1.3804111900015266	0.1957684875191779
0.0707290563	-0.0255375422	0.0681872994	0.0759683075	0.0675000952	-0.0865292548	0.0732431539	0.0321753817	-0.0201274916	-0.065402184	-0.0878395358	0.0	0.0144585237786287	0.0454097592293152	-0.0130154756574114	0.0002529882067202	-0.0004220070480056	-5.5946604673364666e-05	0.213887424327444	-1.416391086187842	0.46793051624129	-1.1864532764015128	0.6477099479081303	1.1663235161589054	1.0011936267799622	1.0350413280400643	-0.933183717176944	-1.5070534213138969
-0.0661763929	0.017544835	0.0039525969	0.0454814418	0.0664422341	-0.0088643071	0.0726179752	0.03012008	-0.0233196561	-0.0682879683	-0.0884490397	0.0	-0.0150134977404121	0.0234085107199035	0.1021176419681779	-0.0009040514414095	-0.0004218890438703	-0.0002451903861899	0.2339264593431185	1.1109231706659457	0.3186688535591683	0.1805717176417528	0.468357043418068	-0.6080144285257583	-0.3576064898682679	1.1739503954265456	-1.37458629161062	0.1344526715900756
0.0543952148	-0.055975595	-0.0193672115	-0.042558154	0.0259428213	0.1192932113	0.0719816876	0.0280463481	-0.0264797175	-0.0710066404	-0.0887203798	0.0	0.003791734240778	-0.0004713013629071	0.0125500022469395	-0.0003850453867869	-0.000421958528622	-0.0002150811488241	0.1597119226222441	-1.658320253992882	0.4678396886364362	-0.3048101413273473	0.4727646662046521	1.6184000571038335	-1.636784907685459	0.1971394961624123	-0.7551077965864972	-1.2229869770518114
0.0069833563	0.1115949594	-0.038119939	-0.1034464256	-0.0093797549	0.0170982209	0.0713343885	0.0259554552	-0.0296033254	-0.0735515475	-0.0886525188	0.0	-0.0051354388792361	0.0491599660265933	0.0441922075925589	-0.0002500757779021	-0.0004219546563013	-0.000359052885648	0.1041479067566039	0.3272708968457287	0.1803641185505902	-1.3765303425960795	0.7705216986497463	-0.2745016028568147	-0.7538306581875632	-1.2867286359678958	-1.3259465202959204	-0.9215704128991454
-0.0279003938	-0.0528419802	-0.0572597579	0.0504115106	-0.0881560766	0.0128119051	0.0706761768	0.0238486804	-0.0326861799	-0.0759164616	-0.0882457162	0.0	-0.0089215292956765	0.0079003783141189	0.0508955211876696	-0.0007780062986617	-0.0002779826517036	-4.410815644314485e-05	0.1010913544521332	-0.6571923105857815	0.2011189628086078	0.6480105082907216	0.6743181589719861	0.9668548037084822	1.1915272024690005	-0.8091866198639595	-1.071510206076374	0.1145781548704046
0.048310488	0.016700131	0.0969609307	0.0694647269	-0.0040455028	0.0487309525	0.0700071532	0.021727313	-0.0357240367	-0.0780955953	-0.0875015271	0.0	-0.0020352567278081	0.0416537988392491	0.0284706956938265	-9.70010634182459e-05	-0.0004219998478098	-5.0204526480330925e-06	0.10627002534408	-0.4235109952123837	0.2217568121994953	-1.276663028771576	0.7501172102768217	0.5665688582915213	1.123781805634392	0.8512589791536171	-0.9610344646322578	-1.308730113524605
-0.1014224484	0.0239096005	0.0653087971	-0.0008753541	0.0932704005	0.1253773115	0.0693274202	0.019592651	-0.0387127139	-0.0800836161	-0.0864227969	0.0	-0.0172381273939805	-0.0081719890819584	0.1360766817583822	-0.0013900189422666	-0.0004809464950532	-7.63339228000144e-05	0.2437985444641223	0.8831748820072259	0.3043413949853447	0.8386869463737896	0.8807929962725713	-0.1963620175117198	-0.2594776576358327	1.3538850615991396	-1.1290317540879806	0.706329429747876
0.0418581279	-0.0420881699	0.0026799496	-0.0770272896	0.0503669619	-0.0618511686	0.0686370817	0.0174460005	-0.041648097	-0.0818756588	-0.0850136499	0.0	0.0033150326277961	0.0097359727271282	0.0206809042813915	-0.0001900065544669	-0.0004219971161796	-3.1040084863732294e-05	0.219069679538333	-0.8884030006659656	0.3178211483665124	-0.8063685370287116	0.5483159878610692	1.2432791622595392	-1.4926898280372722	-0.1174108105024145	-0.6878320040852292	-1.2825826353759648
-0.053267417	0.0616408755	-0.0277077819	-0.0405182468	-0.0531929223	-0.02486722	0.0679362432	0.015288675	-0.0445261451	-0.0834673381	-0.0832794735	0.0	-0.0080608086691569	0.0375047951969946	0.0931804715935271	-0.0007110584057089	-0.0004219015955537	-0.0002766499137144	0.1499820911148834	1.0443316215894871	0.1975039007372443	-0.2706903881082231	0.6011860876916368	-0.6074783704138766	0.0957498503403093	-1.4368664638914228	-1.3235808336856845	-0.8077076247518908
0.0203205756	-0.0438563876	-0.0249821936	0.1500539599	-0.078575743	-0.0586769331	0.067225012	0.0131219947	-0.0473428961	-0.0848547588	-0.0812268979	0.0	-0.0020088449278574	0.0124927933503187	0.0197470475322489	-0.0003590274443421	-0.0004219762843828	-0.0001300755577987	0.1294313899548336	-1.516546065492522	0.2632916987556478	0.4551082812184658	0.3984369193413049	1.4418776693359658	1.5135915416117989	0.0841175029730352	-0.9432669752869316	-0.6499002268267724
0.045155381	0.0677943236	0.0734474485	-0.0193171914	0.0647300226	-0.0161235841	0.066503497	0.0109472851	-0.0500944723	-0.0860345257	-0.0788637708	0.0	-0.002040712668716	0.0615059432102356	0.0370895279089893	0.0002049784899511	-0.0004220100672285	-0.0001019572051449	0.0959954014671509	0.1225550851096333	0.2956456666457429	-1.5313283081923523	0.3605010551023553	0.183961023860673	-0.7593443899809339	1.3847362461074983	-0.9852615702536296	-1.1226610247144495
-0.1138695516	0.0074867599	-0.0295636054	-0.0316200104	-0.0533505478	0.0678226134	0.0657718084	0.0087658771	-0.0527770856	-0.0870037517	-0.0761991269	0.0	-0.0127712615919932	0.0051542139590026	0.1152412514737051	-0.0010070630335746	-0.0004218486694931	-0.000300212541424	0.215756914616236	0.2791840669090207	0.4162104958026274	1.0890985635845856	0.3146336113302659	0.1634446928177304	-1.3069176977537171	-0.6442849428781595	-1.1767633068863916	0.2820643753145614
0.0838041435	-0.0069322992	-0.0725901262	0.0654051039	0.0155976664	-0.0218290681	0.0650300582	0.0065791054	-0.0553870432	-0.087760065	-0.0732431539	0.0	-0.0020323975002156	0.0283958144044902	0.0253190123403896	0.0002229830587809	-0.0004220084049333	-7.795303557805305e-05	0.196525970352663	-0.9830870792138792	0.7151353503613878	-1.1329480415494453	0.2479464579081567	1.3107162803952466	0.7143840861455538	-1.0546143813658315	-0.5399601601222755	-0.7022355587203171
-0.0236764285	0.060682623	0.0739161522	0.0753854394	-0.0024675596	-0.029354298	0.06427836	0.004388308	-0.0579207519	-0.0883016146	-0.0700071532	0.0	-0.013432669723258	0.0245580229026955	0.1177036746616835	-0.0009420881633085	-0.000421802306634	-0.0004196987756904	0.1829738790711833	0.9338608667254562	0.4215947087194803	-0.5114063632916324	0.4406318147132297	-0.7582083133000681	1.4720027051338165	0.4826114870420339	-1.2198146158808565	-0.0682607625046549
0.0015962305	-0.1088429208	0.1028619587	-0.0175612279	0.0397902989	0.0515878917	0.0635168285	0.0021948255	-0.0603747238	-0.0886270754	-0.066503497	0.0	-0.0020836012002831	0.0068143332870107	0.0468560936022584	-0.0005675295180415	-0.0004219599056691	-0.0001411197290893	0.1326051037432448	-1.0870900851913252	0.3935742145357081	0.3209649998124319	0.4934687973331425	1.3154014205878342	-0.1414422363267521	1.3892118536812106	-0.8824113926321734	-1.0183920451062287
0.0432969104	0.0521642365	-0.0060154689	-0.0553097029	-5.28967e-05	0.0465878732	0.0627455805	0.0	-0.0627455805	-0.0887356509	-0.0627455805	0.0	-0.0190968479104611	0.0460100214836955	0.0558942781119498	-0.0002300879211414	-0.0004219516889143	-0.0004190482744519	0.0960160373674292	0.3126288233137552	0.4851039787076563	-1.459906121573458	0.653558781174313	0.043387439842499	-1.575101884244272	-0.2739464890230086	-0.9825262514828476	-0.9612142169334404
-0.0973736368	-0.0177359836	-0.0185980945	0.0250549787	-0.0501358771	0.012960219	0.0619647338	-0.0021948255	-0.0650300582	-0.0886270754	-0.0587477713	0.0	-0.0192656228735472	-0.0203604073504664	0.1368906949690114	-0.0011940889593167	-0.0004212498850035	-0.0004197518304479	0.1958059405584146	0.5113816721507419	0.5197279135112517	0.975031513987938	0.6900010994889458	0.3007299668033469	-0.3831974608067926	-1.5913955493738468	-0.98805376033369	0.4784844575317377
0.0591095366	0.0142221947	-0.0119264866	0.0177053607	-0.0347366021	-0.0279155456	0.061174408	-0.004388308	-0.067225012	-0.0883016146	-0.0545253541	0.0	-0.0035945298933768	0.0267076942111827	0.0313400806510344	2.1939817204939604e-05	-0.0004220029718386	-0.0002849951371925	0.2358667366904034	-0.4767676244580711	0.7445143415793287	-1.230370377731521	0.627063981822381	1.2102112245416108	0.8442384652388487	-0.935538160769876	-0.5314312336596275	-0.4418600451142788
-0.0522534861	0.0760320589	0.0879064716	0.0433166202	-0.0679961869	-0.0095023441	0.0603747238	-0.0065791054	-0.0693274202	-0.087760065	-0.0500944723	0.0	-0.0162456383791465	0.0081719961763866	0.1291219775799561	-0.0009800891837053	-0.0004217946547988	-0.000419707023747	0.1858161636747144	1.0884645906894388	0.3362057584633864	-0.139505556880958	0.6274371946429611	-0.9229727044885856	1.5610276691523428	0.4212001931070511	-1.2680503223538702	-0.4240666751418495
0.0090806508	-0.0992283036	0.086421744	-0.0414252031	0.0268455478	0.0664378668	0.0595658037	-0.0087658771	-0.0713343885	-0.0870037517	-0.0454720662	0.0	-0.0067968766837367	-3.398060236747824e-05	0.0315596039232701	-0.0004990879041585	-0.0004218953479904	-0.0004191050318569	0.1393023103622749	-1.3978552612959425	0.2697697124075612	0.2010430308700152	0.7110395660473064	1.4815267797667668	-0.4261849548627826	1.462395513207546	-0.8461815162036453	-0.8659714070571708
0.0262533387	0.0453305672	0.0147860051	-0.050518106	-0.0203355583	0.0447122046	0.0587477713	-0.0109472851	-0.0732431539	-0.0860345257	-0.0406758086	0.0	-0.0161882443844092	0.0526754846663379	0.0465264726777689	-0.0002610567718417	-0.000270945198272	-0.0004190350885197	0.0965202629924966	0.2101439821001582	0.2799363292891364	-1.4499062034844823	0.7187244972105697	-0.0590469361182318	-1.474113431696907	-0.5654841015820006	-1.098508799810523	-1.3142195754146333
-0.0807306278	-0.0447585003	-0.1262334368	0.0360997684	-0.0155617822	0.0279561043	0.0579207519	-0.0131219947	-0.0750510888	-0.0848547588	-0.0357240367	0.0	-0.0162579553461199	-0.0082121586355299	0.1089994412828474	-0.0011330460648127	-0.0002222628006804	-0.000419126184103	0.169468462175952	0.1884215246355876	0.3226902131108471	1.058104739377631	0.6382674418844567	0.4397331665337134	-0.1428654291320115	-1.5068039695037942	-1.0421003694301207	0.4297448759473184
0.0643701598	-0.0263977879	0.0063327768	0.0377501486	-0.042552383	-0.0150228414	0.057084872	-0.015288675	-0.0767557043	-0.0834673381	-0.0306356825	0.0	-0.0009709959037991	0.0367904535139729	0.0190429003227592	-7.504895386058088e-05	-0.000512992725175	-0.0001910191792718	0.2290878145658077	-0.9040586094011944	0.6883514844517823	-1.2226428884030316	0.4787936809310358	1.077901415405808	1.2237295546942395	-0.6857856321145729	-0.7527430670851182	-0.9452644336648012
-0.0623550523	-0.0078409595	0.087658384	0.030527349	-0.0265109577	0.0055151833	0.0562402593	-0.0174460005	-0.0783546537	-0.0818756588	-0.0254302002	0.0	-0.016293005919266	0.0231265194558858	0.1167637146790667	-0.0012940870285958	-0.0004117286394007	-0.0004197661020426	0.2041592125938774	1.0446204104930938	0.5729554644877666	0.2692951940328002	0.6347803486696509	-0.5213278817249716	0.8856808228975164	1.0258136873314474	-1.263446780903145	-0.1186446763849105
0.030298546	-0.0748697715	0.0029584372	-0.038370249	0.0293635801	-0.0195300708	0.0553870432	-0.019592651	-0.0798457358	-0.0800836161	-0.0201274916	0.0	-0.003449359193766	-0.0086433027833834	0.0300308820449828	-0.0003635600289353	-0.000479954663352	-0.0002505874837464	0.189742883694253	-1.1879424161700003	0.6859577268398663	-0.3303702299399171	0.5145326453210227	1.4677788700284684	-1.53001347488738	0.736857702971731	-0.7052905598167418	-0.6794049442197914
0.0074593195	0.0849804312	-0.0048863597	-0.0656969785	0.0010934367	0.0347653245	0.0545253541	-0.021727313	-0.0812268979	-0.0780955953	-0.0147478303	0.0	-0.0182242287728087	0.0399158446517731	0.1090765135673734	-0.0004820458578641	-0.000218899240415	-0.0004190528996298	0.1697799819240497	0.9218059882514638	0.732779296589833	-1.101906997822664	0.5811650320439704	-0.5269416967245536	-1.1013486728857995	-0.8716131082385965	-0.967058805731178	-0.0232169430543085
-0.057819243	-0.1116729402	-0.0517189664	0.0122685931	-0.0588382311	0.0245938054	0.0536553239	-0.0238486804	-0.0824962387	-0.0759164616	-0.0093117842	0.0	-0.0016480429536045	-0.0075420794162539	0.0929370030324037	-0.0010410858267966	-0.0004107815133522	-0.0004197138338613	0.1177527792272608	-0.2112081440873187	0.4261067787975816	0.8365707083480799	0.8722860106794017	0.8556868341474778	0.3943631251828413	-1.464685474882875	-0.9394714256104278	0.1646084850499492
0.0847588059	0.0151046777	0.0382432226	0.0581529338	-0.126655007	0.0309965253	0.0527770856	-0.0259554552	-0.0836520106	-0.0735515475	-0.0038401367	0.0	-0.0063439655100268	0.0450983899652897	0.0312308643387524	-6.005780178860441e-05	-0.0005029929862476	-0.0002300147440287	0.182189460018417	-0.4061778095775126	0.5690902331154548	-1.43508847797073	0.7971973249037594	0.6577429080325311	1.3183251059822114	0.204267522431173	-0.8406246906755706	-1.4614223947630358
-0.0885359116	-0.0063508337	0.1309974759	-0.0072005847	0.0499934598	0.0599406939	0.0518907737	-0.0280463481	-0.0846926225	-0.0710066404	0.0016461926	0.0	-0.0116612922445966	0.0048561187649909	0.1418403678522395	-0.0013031059427875	-0.0005022271730898	-0.0004198274825893	0.2278504360842204	1.1296268207810496	0.8777597094795827	0.7893476855075011	0.9410462522491364	-0.458583998220692	0.1028647604286785	1.3320028727432678	-1.1777035025465252	-0.3050808097624207
0.0464592751	-0.0785494481	0.0100861507	-0.0545421653	0.0166136162	0.0445728024	0.0509965236	-0.03012008	-0.085616642	-0.0682879683	0.0071262281	0.0	0.0058219220411785	0.0045911047588873	0.0282893620997128	-0.000131060627986	-0.0005029837414725	-0.0002410329663739	0.1988790540143853	-1.304221862450658	0.7498045245498289	-0.5585688544014411	0.6755806153602903	1.514127491030796	-1.597762265813604	0.6487548247040659	-0.6504837407047425	-0.7820078448899496
-0.0165970217	0.0863504486	-0.0077249517	-0.0743165849	-0.0718781413	-0.0236576543	0.0500944723	-0.0321753817	-0.0864227969	-0.065402184	0.0125790181	0.0	-0.0235012837813144	0.0170514028741877	0.1643889078905829	-0.0009489978998758	1.1198793884448222e-05	-0.0004189948572599	0.2533871346353008	0.929564987680197	0.7731843694687194	-0.8344385091264713	0.4531562194060312	-0.6836050944756512	-1.3601818366704232	-0.5325201636097324	-0.7250826609043407	0.5159587264841261
-0.0238406217	-0.080983148	-0.0329830365	-0.0229510963	-0.1118854073	0.046768394	0.0491847576	-0.0342109959	-0.0871099775	-0.0623563496	0.0179837153	0.0	0.0019942287565726	-0.0195959995094625	0.0813087991697756	-0.0010190476669704	-0.0002287864233065	-0.0004191167647852	0.1607308682328869	-0.5642774625017996	0.3898193197097895	0.738674726144398	0.8160205060882021	1.2505980021140592	-0.6022094796130494	-1.5417211721039472	-0.7216700843707803	-0.6065428943749998
0.0798657704	0.0485930709	0.0062551057	-0.0517720809	-0.1310126857	-0.0105437602	0.0482675188	-0.0362256768	-0.0876772378	-0.0591579187	0.0233196561	0.0	0.0013558804511717	0.0307990080742541	0.0642895218285133	-0.0004490259547405	-0.0002059422936175	-0.0002570458003137	0.1057994735498998	0.3967805517152049	0.2838227535924432	-1.6315465072784243	0.6917610205295862	0.3942578879133075	0.8355935910868105	-0.9514443950764596	-0.6503481181735594	-0.6368583800153261
-0.102887383	0.0169382469	0.0398578991	0.0533084199	-0.0637890253	0.0137750998	0.0473428961	-0.0382181918	-0.0881237967	-0.0558147186	0.0285664397	0.0	-0.01351764060351	-0.0232221659060627	0.17942035137591	-0.0015945593772481	-0.0002741657221634	-0.0004197193636334	0.2528470453010552	0.8632842866218575	0.7905308074613223	1.2631263337767735	0.9192205058400204	-0.3537918042949996	1.084750404909121	0.770124976781787	-0.9896871135203646	-0.4197037502191633
0.0522110507	-0.0284037488	0.0620904889	-0.0394594817	0.0927776872	-0.066912583	0.0464110311	-0.0401873216	-0.0884490397	-0.0523349304	0.0337040064	0.0	0.0043221461233002	-0.0121339981867976	0.0798402227141821	-0.0006935971534321	-0.0004628546096068	-0.0004191606184348	0.1830185759307032	-0.195891418293858	0.324807612466106	-0.8133534616071459	0.8478977154638103	1.3016009730137112	-0.7051123907530559	1.4360783953251175	-0.2585734300626541	0.0688425375432153
-0.0444981837	0.0860005589	-0.01397849	-0.0607662736	-0.0078557203	-0.001261927	0.0454720662	-0.0421318613	-0.0886525188	-0.04872707	0.0387127139	0.0	-0.0236017653078874	0.005297500501129	0.2269106585005147	-0.0013930854854863	-0.000404708044285	-0.0004197820062477	0.2303386601648918	1.0821880018161	0.8535935860634642	-0.1705900633233713	0.762387003177109	-0.983879771969577	-1.2807456874321057	0.3898389921737918	-0.6100672044457098	0.5046076386359152
0.0264187533	-0.0597497551	-0.0343017364	-0.0663266698	-0.0111958887	0.0065745526	0.0445261451	-0.0440506212	-0.0887339541	-0.0449999662	0.0435734126	0.0	0.0017862437224493	-0.0397905166960015	0.0967425037782163	-0.0010490675912268	-0.0003713221266739	-0.0003391951291985	0.2235437153957556	-0.2326275708204843	0.2803126049602999	0.1478750542423374	0.6441235575762325	1.3653987937602154	-1.2195435551881342	-0.9860274527392028	-0.3724007192518542	-0.6106581135660445
0.0247464287	0.0789856875	-0.0103125196	-0.04037473	-0.0286347743	0.0044612019	0.0435734126	-0.0459424272	-0.0886932334	-0.0411627399	0.0482675188	0.0	-0.0166389811770386	0.0138608626809144	0.1541270716482898	-0.0009420836673495	-0.0003978023589137	-0.0004191870849779	0.1401339777413023	1.008849765219719	0.3659270728287639	-1.074288252754994	0.8279014690690799	-0.373618956019325	0.4963211292517859	-1.2279141126999205	-0.6604373057201124	-0.0335047252188391
-0.0231147242	-0.0698061488	0.0493933291	0.0286704607	-0.0214494375	-0.0911724392	0.0426140143	-0.0478061216	-0.0885304127	-0.0372247816	0.0527770856	0.0	-0.0106947197814406	-0.0349680380735719	0.1293311714362914	-0.0014320975848485	-0.000462699731736	-0.0004198306933681	0.1073468072976576	0.1662629387431369	0.1556433295367897	0.7068789299440208	1.1329923447730703	0.9469617749712088	1.4625800532019877	0.5313615401982588	-0.5070484306158632	-0.4648112022546669
0.0539771694	0.0213473436	0.1012606897	-0.0582883573	0.0339782259	-0.1243550637	0.041648097	-0.0496405642	-0.0882457162	-0.0331957279	0.057084872	0.0	-0.0110834218642565	0.0093685629123001	0.1279936571991982	-0.0010380899238982	-0.0004628084309865	-0.0003687402080885	0.068323159579801	1.010001327661196	0.3929019719720806	-1.3816502958583612	0.9692090417395663	0.1813648256894843	-0.3333785432111497	1.3651351493613757	-0.3395408595533136	0.5031352460189842
-0.0796462129	-0.0434692551	-0.0276696462	-0.0272677816	0.0059614548	0.0069747955	0.0406758086	-0.0514446324	-0.0878395358	-0.0290854388	0.061174408	0.0	-0.0148907441180057	-0.0396849141358188	0.174733036086252	-0.0018850986121866	-0.0004621044209867	-0.0004199364002757	0.1445456227126919	0.5259142550892261	0.4496776860295863	1.1183029391213797	1.1472779688572148	0.1206254604095645	-1.3749193919045506	0.0515214219806073	-0.7988120649240961	-0.3306905517073358
0.0897804704	0.0007615672	-0.0667346914	-0.0327702433	-0.0165355391	-0.0330541723	0.0396972976	-0.0532172224	-0.0873124307	-0.0249039727	0.0650300582	0.0	0.0015533536773943	0.0012642646639591	0.1070813256936986	-0.0005435608642269	-0.0002928860485493	-0.000419079549503	0.2006256355462213	0.3913378858728332	0.4465713237580463	-1.2222482649245612	0.9856339108367372	0.93382653151406	-0.3192496468655714	-1.4546843061666566	-0.1897604881874588	-0.2467841566781425
-0.0826246839	0.0282879733	-0.0212041993	0.0058931878	-0.0847842231	0.0108957561	0.0387127139	-0.0549572496	-0.0866651266	-0.0206615624	0.0686370817	0.0	-0.013882801398779	-0.0232679592860307	0.1997858960450855	-0.001656072762431	-0.0003621524120069	-0.0004197998159497	0.19179787578297	1.1566943197937225	0.3392758860855342	0.5283806865917801	0.9233356557443614	-0.8659838243426135	0.7844658833067436	-1.2119259836451934	-0.9495656620699598	-0.6412704210411629
0.0488049085	-0.0790954831	0.0230793551	0.0691791901	-0.0856097911	-0.0489420405	0.037722208	-0.0566636492	-0.0858985145	-0.0163685898	0.0719816876	0.0	0.0081527013543762	-0.0146590571207525	0.081471348074217	-0.0009370280662489	-0.0001818561416935	-0.0003060850690061	0.1996117385612568	-0.8084586273393182	0.4707751869996979	0.0002398485265515	0.7053053954029629	1.6441870495669852	1.3825946716591715	-0.132571772309647	-0.2951359124815385	-0.4218621698371285
0.0120770188	0.0855805384	0.1174981011	-0.0567636138	0.0166736823	-0.0089541237	0.0367259315	-0.0583353771	-0.0850136499	-0.0120355605	0.0750510888	0.0	0.00276390962469	0.0165502206098437	0.1567463836769178	-0.001280074237133	-0.0003512314409432	-0.000419725107564	0.1431761804975682	1.200354327372151	0.0484210259925826	-1.1813788758359636	0.6679453933663523	-0.6533557239363329	-0.1543590512650427	1.4387166819698225	-0.671417243578664	0.2535420801164298
-0.0603980551	-0.0702300613	-0.0365421515	-0.0929919735	0.0810438916	0.0810820053	0.0357240367	-0.0599714105	-0.0840117508	-0.0076730782	0.0778335502	0.0	-0.0049423189291388	-0.0444558927933371	0.1646480528993095	-0.0017115497839075	-0.0002326415953881	-0.0004196993942355	0.1041185664623063	0.2938066886761322	0.5462373591275255	1.0331174791851134	0.9687174244687052	0.6802091174078178	-1.4044516931177329	0.1697128135088862	-0.4935186631155391	-0.1808188288033095
0.0892802543	0.0365693486	-0.0150480599	0.003795553	0.0069666386	-0.0554620794	0.034716677	-0.0615707483	-0.0828941965	-0.0032918186	0.0803184336	0.0	0.0006479747047052	0.0120803314567012	0.1136870157476863	-0.0004660953347712	-0.0004554022491813	-0.0004191058827609	0.1865279857557104	0.8067544639236373	0.604608601723513	-1.3713403534700577	0.7641085356806762	0.5571084493110378	-0.1961932539598235	-1.4047815857435604	-0.285982600280221	0.2228375765917547
-0.0635570615	0.0470573264	0.0324252241	0.0737794364	-0.0680294226	-0.0368198497	0.0337040064	-0.0631324118	-0.0816625256	0.0010974967	0.0824962387	0.0	-0.0111242175176755	-0.0273614283774037	0.2126782395237825	-0.0019470503343044	-0.0002325921517196	-0.0004197260815681	0.2354244406226868	1.0550190036793148	0.9944631880873523	0.9630854525789916	0.981644648183286	-0.6093512214678035	1.4642328457701448	-0.3861169329583834	-0.8220862394680136	-0.5051142626503268
0.0564332976	-0.0722045738	0.0286665879	0.025223269	0.1020562939	-0.0255537564	0.0326861799	-0.0646554455	-0.0803184336	0.0054841262	0.0843586391	0.0	0.0119615326932773	-0.0043863000026362	0.0753373575442282	-0.0007041368973422	-0.0006503524447944	-0.0004197292452046	0.2664356052489496	-0.1530432236171557	0.8167320211299882	-0.4950950566865257	1.0128832828850618	1.3866149781076402	0.0326762110758212	1.4344580452383835	-0.2778611909634432	-0.361973741111017
-0.0325626643	0.109646847	-0.0170690021	-0.0373549556	0.005323089	0.0509280344	0.0316633531	-0.0661389174	-0.0788637708	0.0098573351	0.0858985145	0.0	-0.0120827469519895	0.0121648751294856	0.196728410718336	-0.0012010787398566	-0.0002020619408122	-0.000730622076319	0.2247927668320463	1.157994741991408	0.8551895747168291	-0.7450065472693318	0.756761807674784	-1.052845889568884	-1.330002006097938	0.0304251014984792	-0.7543014348771009	0.0610421118725364
-0.0271219815	-0.0893360926	-0.0538690944	0.013598078	-0.0725747124	0.0017449127	0.0306356825	-0.0675819199	-0.0773005399	0.0142064215	0.0871099775	0.0	-0.0066880461597094	-0.0334420878053123	0.1527168810371222	-0.0013760734581599	-0.0002160356054552	-0.0006751490512525	0.1072352638089318	0.3669028293726599	0.9031574077388488	0.9543645362821628	1.1598251853407	1.0984795856971783	-0.025514204441037	-1.6168446278088195	-0.3946552564340422	0.3277866848350241
0.0783079341	0.031760832	-0.006540614	0.0757299654	-0.101371048	-0.0350486545	0.0296033254	-0.0689835701	-0.0756308928	0.0185207424	0.0879883964	0.0	-0.0164072393843071	0.0159791318898072	0.1253526215669183	-0.000653080212542	-0.0002547938782977	-0.000631082942738	0.1267955537386661	0.7860893352640654	0.9180633612383876	-1.5107292546544768	0.6603870981401951	0.2389602522128446	1.2731300833580252	-0.377419317362273	-0.3241792072441101	0.3506034320848865
-0.0833022006	0.0066878812	0.0161330808	0.0811326385	0.1047800275	-0.0006349435	0.0285664397	-0.0703430101	-0.0738571281	0.0227897399	0.0885304127	0.0	-0.0167011437499269	-0.0375827341572119	0.2533705159441553	-0.0018730545534939	-0.0001508434170374	-0.0007011420133491	0.2515728584310409	1.0093493377812488	0.973223515918619	1.2399710372277546	1.205935819091149	-0.3700895118952501	0.7807458866756625	1.2340751739932685	-0.5061541554995835	0.52064072351566
0.0750274565	-0.0265600208	0.0276024293	-0.0974132377	0.0727001519	0.027645964	0.0275251839	-0.0716594083	-0.0719816876	0.0270029671	0.0887339541	0.0	-0.0001958688620931	-0.0272618922232936	0.1339649891078949	-0.0005635970764518	-0.0003088226480565	-0.0006300870027687	0.2231562295900925	0.4584228529686094	0.7680004024452065	-0.9895150909744574	0.6705522838378223	1.1302321969149944	-1.0418602699326058	1.2687205965154718	0.058803099073281	1.0253288221636654
-0.0698733759	0.0627206484	-0.0615597039	-0.0735206551	-0.0068988208	-0.0080516938	0.0264797175	-0.0729319592	-0.0700071532	0.0311501135	0.0885982425	0.0	-0.0166658892605795	-0.0164493068692195	0.2129568697142474	-0.0011890789228286	-0.000217067741739	-0.0007271291320692	0.146988430458653	0.9218433658966622	0.6792928714646259	0.0251023352035695	0.9293249254784532	-1.0048464464220084	-1.2462339664558044	-0.3235717870006868	-0.7972302800131758	-0.3763222911986852
0.0345779537	-0.0386561574	-0.0631004346	-0.0352641912	-0.0681312619	0.1024513104	0.0254302002	-0.074159884	-0.0679362432	0.0352210304	0.0881237967	0.0	0.0015241779705235	-0.0377250621374685	0.1108307318779822	-0.0009230909649692	-0.0002196192029726	-0.0008256017717922	0.1599425632764172	0.0840457728430989	0.3785869113152409	0.145940536352549	0.781056824760084	1.3044501785753635	0.2906858175327673	-1.438807645949385	-0.245455505082235	-0.3289448898940419
0.0352246608	0.0700472449	0.0546783981	0.0329859116	-0.0949190414	-0.0281790629	0.0243767927	-0.0753424315	-0.0657718084	0.0392057555	0.0873124307	0.0	-0.0165548271070576	0.0227534232319754	0.1761781342423347	-0.0005771168042476	-0.0003057789309302	-0.0007650880159256	0.1685372750386674	0.9453935188779684	0.6775724107859233	-1.0540034988595413	0.664161465244887	-0.5148862681998629	1.2758125929079036	-0.0057391869423344	-0.4935280732410319	0.0893967166877298
-0.0554547897	-0.0734056956	0.0576384967	0.0292348575	0.1038115709	0.01973935	0.0233196561	-0.0764788781	-0.0635168285	0.0430945375	0.0861672466	0.0	-0.0090085094866765	-0.0318898155002784	0.1763696695260108	-0.0015690401380012	-0.000110948407139	-0.0007030871497727	0.124818827821196	0.3521929733960922	0.711165600040043	0.9171070022370356	0.7513271863124839	0.5889423423143222	0.5318393823547473	1.4743645203206837	-0.4528730819158656	0.6397959414865977
0.08244919	0.0020702237	0.0187160506	-0.0386335179	0.0799943059	0.0262101765	0.0222589521	-0.0775685283	-0.061174408	0.04687786	0.0846926225	0.0	-0.0110212635292015	0.012204604622795	0.1455799489630607	-0.0007556322165727	-0.0003822403497848	-0.0006886450810446	0.1318539913686685	0.5222293361153254	0.7170822842109028	-1.209890625888307	0.5035017701395249	0.5768084565107574	-1.065874955858927	0.8205063852799918	-0.1168515965400739	1.1942944420060482
-0.092312397	0.034060628	-0.0913056126	-0.0318498335	0.0388510986	0.0632066439	0.021194843	-0.0786107155	-0.0587477713	0.0505464645	0.0828941965	0.0	-0.0132715296949186	-0.0137998838761745	0.203033045334152	-0.0015390836615717	-0.0002018647391386	-0.0008256561412825	0.1407497568299329	0.8408325035906854	0.4216338460812167	0.7360547813007092	0.8537943177182371	-0.7418627653481913	-1.288903997397037	-0.9114684503627958	-0.8969813824256658	-0.8061768961237624
0.0303001302	-0.0810966618	-0.0711671527	0.0600102747	-0.0444938398	-0.0337526459	0.0201274916	-0.0796048019	-0.0562402593	0.0540913734	0.0807788444	0.0	0.0049125147646691	-0.0140492762791808	0.0891627253628826	-0.0006681025774293	-0.0003828212613488	-0.0005351279453521	0.1994270469480134	-0.4727776616718545	0.3767306336944905	-0.0880665743315429	0.547587607099612	1.49650264098366	0.7653080084240678	-1.352185275780106	-0.2491643986640962	-0.1935033626730622
0.0219926793	0.0733766627	0.0160182932	0.0651485174	0.0535811622	-0.077303856	0.0190570611	-0.0805501793	-0.0536553239	0.0575039116	0.0783546537	0.0	-0.0166640265446176	0.0021433071973575	0.2006602477334382	-0.0011481338717566	-0.0003820984223568	-0.0007002198759824	0.1815589503538606	0.898343972663335	0.3711517300119762	-1.0142751417632403	0.7726063116007722	-0.6569091180404512	0.9459527098730404	0.8657335482265066	-0.4418170529526599	0.9372918594653648
-0.0614245906	-0.0916978939	0.0170985241	0.0021145548	0.0969976528	-0.0602348714	0.0179837153	-0.0814462692	-0.0509965236	0.0607757281	0.0756308928	0.0	-0.0086904958553759	-0.0458110883231484	0.1945418278764918	-0.0016920858636567	-0.0003200511968541	-0.0005307711935894	0.100818741056484	0.3737455469104864	0.1493357374790677	1.3421028595814242	0.7498357118226757	0.7066635206164918	-0.1005014049161113	1.4244039371589434	-0.3795382497600988	0.920559669906884
0.0948639354	0.0029687831	-0.0574005236	0.0318719801	0.0225566439	0.0034842805	0.0169076184	-0.0822925233	-0.0482675188	0.0638988161	0.0726179752	0.0	0.0020495053988156	-0.0073166891148588	0.1226946134292745	-0.0008961460655017	-0.0004802290614174	-0.0006052154394288	0.1726097103375834	0.4035016604823513	0.2891508412814401	-1.5448211320151173	0.5085394897296199	0.8712830478613629	-1.1979222965345346	0.9396840760779412	0.0050378972009973	1.1764617608099817
-0.0754450608	0.0592560938	-0.0726392365	-0.0387694709	-0.0255560116	0.0362028785	0.0158289351	-0.0830884239	-0.0454720662	0.0668655331	0.0693274202	0.0	-0.0167214743423329	-0.0381947439065157	0.2734702485683726	-0.0018811638445707	-0.0003812237191802	-0.0008258593975377	0.2656580236426585	0.8751357432967188	0.5571702261068974	0.6094456976717384	1.049140943694734	-1.1362594613967416	-0.9538443941237428	-0.7755955599084736	-0.5575915381057427	0.0919353380518942
0.0750414317	-0.0636397326	-0.106180942	0.028109365	-0.0418111691	-0.0149391668	0.0147478303	-0.0838334838	-0.0426140143	0.069668619	0.0657718084	0.0	0.0094625183312473	-0.0531061689011096	0.1178653028159431	-0.001016162815096	-0.0003820806786896	-0.0008256946804681	0.2400014987232886	0.2388160645098089	0.284165840773443	-0.1831900571725109	0.8396701445616078	1.5257464847228968	0.7018188993354156	-1.2487972477231877	0.065705326638633	0.0923599115721565
0.0106957684	0.111962116	0.0202208618	0.0604648822	0.0572161803	-0.0811044141	0.0136644694	-0.0845272472	-0.0396972976	0.072301214	0.0619647338	0.0	-0.0060064613049348	-0.0072020002729402	0.2201714414178326	-0.0012121582718075	-0.0003819998349667	-0.0008257316083948	0.173484948284296	1.0060388514787102	0.3134055273343205	-1.173422812434154	0.8671012876491193	-0.9398720997010696	1.287453655165956	0.6236880901055998	-0.2757677177703057	0.5383173185147223
-0.0544340979	-0.0900103904	-0.007000161	0.0583266601	0.1046749878	0.0558642823	0.0125790181	-0.0851692896	-0.0367259315	0.0747568758	0.0579207519	0.0	-0.001624515836113	-0.0570122817045728	0.2253406692771875	-0.0020601635488368	-0.0003811493796637	-0.0008258940502485	0.1018123634691093	0.7382223500410778	0.365295953623953	1.3131730125357255	1.1281396129418035	0.506146128064574	0.1812925292973439	1.396911727959327	-0.1874261702766645	0.9964812719175236
0.0811868096	0.0126829834	-0.0688402164	-0.0596883847	0.1266003587	0.0163534205	0.0114916426	-0.0857592182	-0.0337040064	0.0770295951	0.0536553239	0.0	0.0080675264268847	-0.0142455825869518	0.1538015566314357	-0.0008641578623747	-0.0003821436074591	-0.0008256652093315	0.1838592917850955	0.6563913844485016	0.2824804750803142	-1.313475412029364	0.6638188761699182	0.6689466228427869	-1.4071188305886586	0.1986591646515752	0.1249876311038921	0.3845478124613273
-0.0409080658	0.0497101105	-0.1142355589	0.0531253859	0.017116856	0.0114172107	0.010402509	-0.0862966719	-0.0306356825	0.07911381	0.0491847576	0.0	-0.0072321835466624	-0.0434462781006459	0.2702448346807387	-0.002208163936201	-0.0003670322534199	-0.0008769065786522	0.2314616233958542	1.0189146741090072	0.4299741668702834	0.60161611851763	1.0949683169485345	-0.962346153014944	-0.2228409844052962	-1.5686170961017467	-0.4986412759173083	0.0008526352322128
0.0603709981	-0.0367404107	-0.0465469333	0.134632586	0.0439034458	-0.0951357461	0.0093117842	-0.086781322	-0.0275251839	0.0810044202	0.0445261451	0.0	0.0082312216063797	-0.0422377508672866	0.1525892761342362	-0.0012565871730426	-0.0002811131293587	-0.0006166768637226	0.1992137710403638	0.2897670509492394	0.9066524597492644	0.0888123196183728	0.8691197269940626	1.336437676501051	1.4372230022156844	-0.1881042549057699	0.0824849518218379	0.2408494609912516
0.0185981612	0.0927606304	0.0095725242	0.0241075839	0.141873896	-0.0275574591	0.0082196348	-0.0872128719	-0.0243767927	0.082696799	0.0396972976	0.0	-0.0078231019459593	-0.0052147103049549	0.2354805217536437	-0.0014140969436559	-0.0002324165579983	-0.0008256654540786	0.1567283563505632	1.0673365314460952	0.6783094996173958	-1.134612678108961	1.0535786054244205	-0.8645334000971365	-0.0477566641465001	1.3495556417871697	-0.1780665913658923	0.8997247347494628
-0.0756383501	-0.0460552558	-0.0404302097	0.0088157935	0.0797560696	0.0412738489	0.0071262281	-0.0875910574	-0.021194843	0.0841868048	0.034716677	0.0	-0.0077488588439251	-0.0489861793218295	0.252281768267224	-0.0022551330665433	-0.0003471471296279	-0.0007568927849582	0.111873926814359	0.6726904428816367	0.8897778636608863	1.5368168953202763	1.333552370354097	0.3603730002583337	-1.3233710541976074	0.5779854921712161	-0.1938914327124265	1.2607030806057362
0.1262906522	0.0346752255	-0.082814054	-0.052815533	0.0840980722	0.0234887844	0.0060317311	-0.0879156473	-0.0179837153	0.0854707914	0.0296033254	0.0	0.0031157899053226	-0.0097644138792674	0.1739959081051978	-0.000711143834237	-0.0003482067499478	-0.0008256243062694	0.2090612930507059	0.7457378036293846	0.4502940694309241	-1.3107572273883268	1.0190805497417923	0.7981405927670028	-0.8205818942954939	-1.0834730914446584	0.2524392071476929	0.5553151075882226
-0.0442482549	0.1117225845	-0.0575142553	0.0456290611	-0.0578692474	0.0062288487	0.0049363115	-0.0881864428	-0.0147478303	0.0865456167	0.0243767927	0.0	-0.0160803045332897	-0.0246659201228993	0.2691112366409811	-0.0020251406076852	-0.0003471641291821	-0.0008258522306048	0.1949762951454924	1.068351306667683	0.8272925670830306	0.4666209125591795	1.1634933465224848	-1.2456789713530865	0.7360242651266503	-1.3990295992085324	-0.5802532582786477	0.9307843451377708
0.0701323949	-0.034935117	-0.0277507561	0.0843939879	0.0074845991	-0.0072466937	0.0038401367	-0.0884032783	-0.0114916426	0.0874086504	0.0190570611	0.0	0.0087713230216905	-0.0367157835809877	0.1521600899240525	-0.0013260768857588	-0.0003482093799969	-0.0004387310989391	0.2082141429503421	0.2903162896956264	0.583928568112309	0.0642865530500543	0.9317402807591852	1.2793306233463777	1.065782787060549	0.7069088485231203	0.0506036738180475	0.1948096389511101
-0.000252442	0.0749276263	-0.0485370046	0.0187469581	0.1050612597	-0.0452357867	0.0027433745	-0.0885660212	-0.0082196348	0.0880577804	0.0136644694	0.0	-0.0160892760663955	0.0012171940350782	0.2661130670546896	-0.0013446437640957	-0.0003474453357175	-0.0008257342324469	0.197063256640994	1.0055064685536872	0.6711210841901011	-0.905052157442992	1.1691704786994486	-0.8973371772031212	-0.8801865617525076	1.1194774232345022	-0.0797485582065135	1.0168800840892367
-0.0437882994	-0.062288933	-0.1266758588	0.0065854605	0.0804225337	0.0459864335	0.0016461926	-0.0886745718	-0.0049363115	0.0884914183	0.0082196348	0.0	0.0027807906202212	-0.0524872676202505	0.2119590216783393	-0.0020631495147632	-0.0003471485336363	-0.00082585941262	0.1626749603643857	0.5027625125328984	0.565415020222244	1.102328286297415	1.2304153990978923	0.5478294766737841	-1.3197792445678418	-0.7384762392102717	-0.2566621124587264	0.2240334189529057
0.1023665948	0.0172575385	-0.0937884368	0.0864068271	0.0345443292	0.0563769852	0.0005487588	-0.0887288637	-0.0016461926	0.0887085029	0.0027433745	0.0	0.0097076862553535	0.0046241989308271	0.1376662070835266	-0.0008291438271373	-0.0003481579658854	-0.0008256443460055	0.2000926861054976	0.6388880171943065	0.3384451503577468	-1.2064071687527502	1.0913758068331416	0.7132797976006271	0.3486351154467173	-1.3696318750343193	-0.1450338159330197	0.1508773223303016
-0.0095949949	0.1381416569	-0.0764767387	0.3204734399	0.0218186861	0.2866236819	-0.0005487588	-0.0887288637	0.0016461926	0.0887085029	-0.0027433745	0.0	-0.0084218565918376	0.0043275037534442	0.2112058536443726	-0.0004538463493691	-0.0008373131524037	-0.0008256903704966	0.1351908190243	0.98270383959643	0.2500474876864196	0.2936009118108936	1.2264926727770913	-0.5148423424408158	1.442123537356632	-0.3681716369901253	-0.5328303668955381	-1.794991548036686
0.0063068996	-0.0346731385	0.0673236416	0.2156370293	0.0859895484	0.2856682623	-0.0016461926	-0.0886745718	0.0049363115	0.0884914183	-0.0082196348	0.0	0.0194295472727503	-0.0262136756600313	0.0747913475591843	-0.0007306702993971	-0.0005102565881882	-0.0006671866712228	0.2329263000391166	0.2815329145013193	-1.6745194627354705	0.0789704625615974	0.3146176992310317	0.8832183985231987	1.1712131900624	1.0897850379987195	-0.4278517135072509	-2.4041054115514666
-0.0949569604	-0.0781380639	0.2420126588	-0.2071214558	-0.1237840115	0.0792063341	-0.0027433745	-0.0885660212	0.0082196348	0.0880577804	-0.0136644694	0.0	0.1170731608021498	-0.0571656462031882	0.0833269697446752	-0.0005490228898572	-0.0014996747465856	0.0006370888701821	0.2608982617251573	0.6607277723377191	-7.1520620990939765	-0.4744016956700153	-1.5131091818309157	-0.2237805985322146	-0.6632882633732479	1.299863796191301	-0.8768067909209882	-4.770834557274164
-0.0785050371	-0.023652996	0.0654698546	-0.032930506	-0.0825560549	0.0641534352	-0.0038401367	-0.0884032783	0.0114916426	0.0874086504	-0.0190570611	0.0	0.0823997421013871	-0.0148588038259021	0.173446662099721	-0.0016560307969354	-0.0008129399503982	-7.367321134715442e-05	0.2923251926728373	0.7423806014907155	-5.420460328701331	1.048973212514438	-1.5636025193881655	0.6083418600891942	-0.1625646119779098	-0.7062939241191413	-0.0065459732071003	-0.1425005047276724
0.0510637608	-0.0252388217	0.1937587005	-0.0148538662	-0.0534184405	0.0178205088	-0.0049363115	-0.0881864428	0.0147478303	0.0865456167	-0.0243767927	0.0	0.0770938873520918	0.0011331615622793	0.1020382770986856	-0.0006750580238162	-0.0014269733892671	-8.098148866357644e-05	0.1728219296037382	0.733382969620763	-4.556322635159904	-0.9935535509794824	-1.7469217116234896	0.5144059149818133	0.7208044707823209	0.9719899400138357	-0.1224787507151346	-0.4854227345907057
-0.0882379304	0.0506744387	0.1051566916	-0.031307641	-0.0431105252	0.1136730491	-0.0060317311	-0.0879156473	0.0179837153	0.0854707914	-0.0296033254	0.0	0.0294679885972612	-0.0465722041306975	0.2913042853115541	-0.002099041029683	-0.0003807862777625	-0.0002038994109346	0.414251674642797	1.1274364353892865	-0.8742105964424772	1.129620343365054	-3.0749915798390384	-1.078369905979823	-1.373374948147538	0.8311240937946586	-0.2671132655205145	0.0767845372624949
0.0388383967	-0.0721075526	0.017039349	-0.089284045	-0.1113769839	-0.1249975481	-0.0071262281	-0.0875910574	0.021194843	0.0841868048	-0.034716677	0.0	0.0498318134422248	-0.0603946409137137	0.1400615383773384	-0.0008920047769631	-9.04544344411118e-05	-0.0001025402931524	0.2653653692533699	0.3548496533684506	-1.0866315598546503	-0.1283235282080769	-3.846227573762317	1.2387342833923771	0.0295796255455349	-1.2965054899334232	0.2466167346815264	-0.8892944907685892
-0.0379853391	0.0723023193	0.0909372378	-0.0483963953	-0.1011067981	-0.1743586367	-0.0082196348	-0.0872128719	0.0243767927	0.082696799	-0.0396972976	0.0	0.0265458947957029	-0.039558073593767	0.3075425486305221	-0.0014800125281413	-3.805676807444591e-05	-0.0005990284510413	0.2684481749913406	1.1305155194684582	-0.4015803954673105	-0.464141692619965	-3.557496159976201	-1.3695028749779157	0.8734414632072939	1.0208865357734116	0.1270821076556282	0.3072567161351479
-0.0373219931	-0.1008978487	0.0272412587	-0.1034169913	-0.0657752536	-0.0610571875	-0.0093117842	-0.086781322	0.0275251839	0.0810044202	-0.0445261451	0.0	0.0442400704413614	-0.0940447839751925	0.2131652669245625	-0.0012810037050583	-2.685137654778736e-05	-0.0002320170654067	0.1954194477452565	0.397365397303172	-0.3298475982072747	1.252424632586744	-3.978838979950218	1.0957293504161083	-1.1604453502387015	0.0889575219840325	0.1994366478827825	-0.7059103449826605
0.0846512679	0.0058322521	0.0032066016	-0.0966969918	-0.1168803703	-0.0962358642	-0.010402509	-0.0862966719	0.0306356825	0.07911381	-0.0491847576	0.0	0.0387015634305925	-0.0313041911903155	0.1778313224048844	-0.000862988873577	8.4111002616849e-05	-0.0002569637805152	0.1313092406030458	0.9445472748268664	-0.5241965091218979	-1.4365471590809915	-4.258311063598244	0.1791026250190725	0.1676855525090684	-1.3427189127347074	0.1715407551863126	-0.7505685479576067
-0.1228337615	-0.0155272754	0.0478469892	-0.0026435555	-0.0665571611	-0.1817786902	-0.0114916426	-0.0857592182	0.0337040064	0.0770295951	-0.0536553239	0.0	0.0293773706419244	-0.0882626328774023	0.3120093266414585	-0.0017469757295433	0.00012483846735	-0.0003878912374726	0.2532427275951716	0.735238175317228	0.1040758312429685	1.3506608119699202	-3.831353387711297	-0.6421818578005356	1.4096971587212634	0.0433126927301302	-0.0073207864840069	0.1826804730050622
0.0346066717	-0.0869237517	0.1502995806	-0.0612569906	-0.0212517946	-0.1476827316	-0.0125790181	-0.0851692896	0.0367259315	0.0747568758	-0.0579207519	0.0	0.0480245260736325	-0.0597419613566501	0.1628725387709551	-0.0003850238180203	-0.0002959688803279	-0.0001610570465884	0.2967842873272187	0.6481780894171122	-0.0363252152738636	-0.6898977587030483	-4.323166383644565	0.8644234782836279	0.2721920998622285	1.4199459022781873	0.3827407541066711	-0.6721285487704153
-0.0755730566	0.0374975575	0.029362482	-0.1075182795	0.0117578343	-0.0058517945	-0.0136644694	-0.0845272472	0.0396972976	0.072301214	-0.0619647338	0.0	0.0293897706158787	-0.0513264114946139	0.300852517347451	-0.0015770187776131	-9.21971373937236e-05	-0.0003840730274066	0.2459694180635447	0.782297451274142	-0.024046763529868	0.3391890618236594	-3.9499380532662993	-1.4629516325479768	-0.7847709590965958	0.5062889071239113	-0.2775113138643594	-0.1347161486285655
0.0230352569	-0.0649056084	-0.0038557667	-0.1175605474	-0.1235481729	-0.1217600641	-0.0147478303	-0.0838334838	0.0426140143	0.069668619	-0.0657718084	0.0	0.0423713986855744	-0.0746736399335077	0.1919516301100259	-0.0009750055131161	-0.0001569638919862	-7.407647777378675e-05	0.194068572182129	0.4854805563674487	-0.2025053044912553	0.4437036026315568	-3.774068591095157	1.3049013785645294	0.0439990683333262	-1.4727938790584083	0.3769020584731995	-0.6344185274014096
-0.001945699	0.0740031726	0.1084960126	-0.0907012526	-0.1493613584	-0.0869941149	-0.0158289351	-0.0830884239	0.0454720662	0.0668655331	-0.0693274202	0.0	0.0225447968389715	-0.0213084056832002	0.2565604571453548	-0.0009980182139313	-0.0002159146462084	-0.0001711076199107	0.1467503929909549	0.8085069864221662	-0.171415810862957	-0.958904297598563	-3.4977887907157204	-0.7953183229485765	1.2865567874875086	0.138553462416607	0.0122743521221522	0.0635978693397241
-0.0629427471	-0.1106726446	0.0801023198	-0.0427602268	0.0400587011	-0.0568543568	-0.0169076184	-0.0822925233	0.0482675188	0.0638988161	-0.0726179752	0.0	0.0236727097702527	-0.0875926836292677	0.2932394967088783	-0.0019350205136856	-0.0003809036122788	-9.986814710105272e-05	0.1627527673725895	0.595241897327121	0.0658542714788359	1.4132619686640606	-2.4895004885533294	0.4013163060368775	0.1338034040036356	1.5419710196948568	0.2288455416735654	1.2296237001764203
0.0475302895	0.0056398581	-0.0207079334	-0.0861184895	0.0365195503	-0.0356140121	-0.0179837153	-0.0814462692	0.0509965236	0.0607757281	-0.0756308928	0.0	0.0296401547942082	-0.0505092106455862	0.2229842610397128	-0.001127022128439	-0.0006919643081997	-6.389005424891324e-05	0.1710580123777844	0.6437211678460545	-0.2941013986197859	-0.983128823064129	-1.5313560416485386	0.3206988906428227	-1.3336675398317206	-0.1064270316475996	0.3399198754424616	-0.1923972160315423
-0.0802717099	0.0280786947	-0.0841186531	-0.0590825113	0.0016710625	-0.0593818948	-0.0190570611	-0.0805501793	0.0536553239	0.0575039116	-0.0783546537	0.0	0.0127546785091681	-0.0890072044458634	0.3572741505332857	-0.0023160582347263	-0.0003260986407054	-0.0003463785421817	0.2815428726646095	0.6817190849684663	0.2302457224092238	1.109639265756967	-0.8340678436633957	-0.8211117906727138	-0.5182169015854454	-1.4418011975112062	0.0911732649836701	0.7209725512816294
0.0953547979	-0.0301160301	-0.0121303054	0.0730315336	-0.0659326389	-0.0296537066	-0.0201274916	-0.0796048019	0.0562402593	0.0540913734	-0.0807788444	0.0	0.0368657751515399	-0.0725002419987674	0.1935959340857636	-0.0008449778538228	-0.0008090233513204	5.515818798635649e-05	0.3220733666213177	0.7387975383352292	-0.1147076683789419	-0.5889521757000873	-0.7052499549569037	0.8874791969354298	1.4178241900292183	-0.563002775924079	0.433914434268567	-0.3495012365740535
-0.0177150943	0.055343184	0.0481002885	0.0227872811	0.0499812077	0.0109225481	-0.021194843	-0.0786107155	0.0587477713	0.0505464645	-0.0828941965	0.0	0.0127760734740576	-0.0515731851205032	0.3080972641955668	-0.001810155258308	-0.0008571744717871	-0.0003607761961915	0.2309812341220375	0.8750945323617018	-0.0963837665799817	-0.0451664450087892	-0.1982716275963403	-1.2693833101494298	0.974840543734126	0.9917346585662198	-0.111721530256488	0.2402301936264968
0.0368322879	-0.0262533764	-0.0030566027	-0.037584443	0.0324093441	-0.0099804087	-0.0222589521	-0.0775685283	0.061174408	0.04687786	-0.0846926225	0.0	0.0235269406643112	-0.1005121589341087	0.2124298747491195	-0.0013750543550651	-0.001017929943752	-0.0001041999566257	0.1979788611889864	0.629628545815746	0.0152704642380412	0.3035864316125242	-0.2591940685290894	1.0353331095411664	-1.399247220009951	0.8046854468641603	0.3456481706292145	-0.337818645010206
0.0263478338	0.1367595635	-0.1233086915	-0.0122102	0.1221522572	-0.0277662434	-0.0233196561	-0.0764788781	0.0635168285	0.0430945375	-0.0861672466	0.0	0.0100104269207008	-0.0535931949129633	0.3336994627410803	-0.0013322319634862	-0.0007220728795982	-0.0006409808604844	0.2254780837362866	0.6158858963358703	0.2131065964566106	-0.956256353997908	0.1617505790674077	-1.165408075152902	-0.7831848275374005	-0.939886839219094	0.3715323032705135	0.1152263506076573
-0.068120302	-0.0427336238	-0.0787532786	0.1052825282	-0.0256001583	0.024445287	-0.0243767927	-0.0753424315	0.0657718084	0.0392057555	-0.0873124307	0.0	0.0256670846798527	-0.0700538980263729	0.275794158899032	-0.0016397844594809	-0.0008739674001925	-0.0006507174682819	0.1134818459339347	0.8072707671181618	-0.2298910690338325	1.5789465953398492	-0.0936658293127496	0.2503140931688008	1.2887064555971588	-0.8516438296290384	0.0426555164404853	1.3994803205799422
0.0704579488	-0.0105423442	0.0382582094	0.057143335	0.0002490392	0.0215084343	-0.0254302002	-0.074159884	0.0679362432	0.0352210304	-0.0881237967	0.0	0.0409614234752808	-0.024103115105504	0.1686771274372631	-0.0009111614734774	-0.0010178565081373	-0.0003169638776527	0.2286754374069409	0.6644523852887317	-1.3413514675578164	-1.2195030376954603	-0.1617082934279484	0.6486661178282059	0.9617389169200818	1.1080655896477771	0.2993634994806382	-0.3915248450147738
-0.082852437	0.0323953579	0.040955349	-0.0084047715	0.0899087997	0.0574531629	-0.0264797175	-0.0729319592	0.0700071532	0.0311501135	-0.0885982425	0.0	0.0205959660629702	-0.0393364309265678	0.3265134061382042	-0.0018618198026417	-0.0009118513145616	-0.0006973492773797	0.2652874980576655	0.8449458315479055	-0.4380751840837558	0.6995276736889274	0.1009741376285972	-1.1831989061124375	-0.5817673153688078	1.1020297027034172	-0.1004600918492235	0.9388331457828462
0.061394216	-0.0606425411	-0.0822697556	-0.0727785036	-0.0014167157	0.0485093646	-0.0275251839	-0.0716594083	0.0719816876	0.0270029671	-0.0887339541	0.0	0.0488644553660861	-0.0557233512486874	0.1751801191861659	-0.0009761533865773	-0.0010178541297738	-0.0002999972937004	0.2654397573250688	0.5323553972985543	-1.1136359826350049	-0.2811435458700396	-0.4110512927688673	0.9312735592914372	-1.0411396619018969	-0.9037251157707724	0.2898771618154638	-0.7985205731457925
-0.0212165796	0.0781608811	-0.0669605327	0.0286045791	-0.0557027897	-0.0153623014	-0.0285664397	-0.0703430101	0.0738571281	0.0227897399	-0.0885304127	0.0	0.0220413067354172	-0.0254113283959611	0.337029635148383	-0.0018289221380898	-0.0010167452706291	-0.0008269307538046	0.2880252409836823	0.6083662263360284	-0.4788834253303863	-0.3369825867800305	0.3302237399183319	-1.3243036683156169	0.6298299562256272	-0.9951556285383836	0.1321130330626537	0.9685829495636008
-0.0139424536	-0.0681894089	0.0359010011	0.0743792899	0.085863352	-0.0039473726	-0.0296033254	-0.0689835701	0.0756308928	0.0185207424	-0.0879883964	0.0	0.0370428706635408	-0.0735334084132972	0.2579419565435614	-0.001623739863017	-0.0010176218601265	-0.0004678265730527	0.1704694748163863	0.5153581761309785	-0.6835396312324589	0.8701378543028679	0.1345594940811292	0.8395858023534322	1.3040188477621135	0.5969882923228069	0.2823935773394799	0.0582548196541009
0.0639680168	0.0076650671	0.0183453492	-0.0686094722	-0.0164820765	0.0347943444	-0.0306356825	-0.0675819199	0.0773005399	0.0142064215	-0.0871099775	0.0	0.0293401426131083	-0.0132120247191664	0.2404077291092221	-0.0010707410386019	-0.0011522778783004	-0.0004181176228558	0.1224265288181976	0.9379607560694544	-0.9262272246156584	-1.302140106416393	-0.0163277976241833	-0.1536620049581505	-1.1208145231556967	0.9137149170024916	0.3297135571626677	-0.4738098637359729
-0.111839096	-0.0211822932	-0.0737131897	-0.0457873363	-0.0265657116	0.0137299709	-0.0316633531	-0.0661389174	0.0788637708	0.0098573351	-0.0858985145	0.0	0.0262253984130467	-0.0898182109241361	0.3396008658972391	-0.0025482466949224	-0.0010168919252031	-0.0004782959800748	0.2625675655248883	0.7787951140001372	-0.7037211406487612	1.5827153221889494	0.1848039457012839	-0.5110465127308573	-1.0231569938627538	-0.9431494173169964	0.0622744814346498	0.258194455353369
0.0920753826	-0.0304908639	-0.032695853	-0.0055285199	-0.0507442865	0.0034228117	-0.0326861799	-0.0646554455	0.0803184336	0.0054841262	-0.0843586391	0.0	0.0453634867708814	-0.0640558542943807	0.2253327915690022	-0.0012261238962248	-0.0010178518797927	-0.0002421243137599	0.237131240295932	0.6418174385343354	-0.6709320680486327	-0.6879834613157916	0.0697130700469232	1.0503538652694089	0.8485714919452951	-0.8687641456519557	0.736704890438865	-0.1966744472358443
-0.0258382386	0.0930994845	0.0494978573	0.0887181442	0.0136394855	-0.0859106357	-0.0337040064	-0.0631324118	0.0816625256	0.0010974967	-0.0824962387	0.0	0.0289828793730322	-0.0756302358435903	0.3554543169657194	-0.0021743643961136	-0.0011663253851832	-0.000621769039523	0.231894450895896	0.3835500827434781	-0.9029844167592226	-0.2544133883242483	0.51263108188479	-1.6098784582977284	1.3767287883490915	0.5920258062526063	0.0658059328205409	0.1204974963470019
-0.0482753414	-0.0690803606	0.05036541	0.0445396398	0.1002480027	0.013804319	-0.034716677	-0.0615707483	0.0828941965	-0.0032918186	-0.0803184336	0.0	0.0290267250318123	-0.0902465487151999	0.3064678734688328	-0.0023182870231075	-0.0011204182278972	-0.0005052997108665	0.0789615576740962	0.7981559863212105	-0.4424284681814515	1.287985646130062	0.545084441673514	0.5347273560104846	-0.0050569561601548	1.3847210018435738	0.48653959294895	0.3856732760696709
0.0658584184	0.0405699463	-0.026872584	-0.0376791482	-0.0034992147	0.0689909938	-0.0357240367	-0.0599714105	0.0840117508	-0.0076730782	-0.0778335502	0.0	0.0315025826495514	-0.0598421314907966	0.2646353764060905	-0.0011742292470936	-0.0008391800366016	-0.0005449929206418	0.1479622307591247	0.9374320048841932	-0.7471206198307861	-1.0472215974349444	0.0014107559793829	0.0441342714343876	-1.076717981156798	-0.5765042656090199	0.5830879899414645	-1.1473432711517009
-0.0747328051	0.0156175778	-0.0480046587	0.0361564477	-0.0414154923	-0.0036734839	-0.0367259315	-0.0583353771	0.0850136499	-0.0120355605	-0.0750510888	0.0	0.0245802380284771	-0.0756976115607273	0.3557618846444939	-0.0019638882682778	-0.0009311896621282	-0.0008269156217606	0.1720839003208884	0.7645261377017873	-0.829942470980805	0.9890965638993916	-0.2441916764484984	-1.1655199892684462	0.7673177762270622	-1.3756836691430328	0.117378460153837	-0.1559553123614895
0.0490419862	-0.0764455598	0.0624074032	0.0407272163	-0.0325902048	0.0512578296	-0.037722208	-0.0566636492	0.0858985145	-0.0163685898	-0.0719816876	0.0	0.0437709952982316	-0.0671004114041977	0.2366671542395124	-0.0014730597011589	-0.0013488937929317	-0.0008269940318092	0.1923132432298156	0.5653413015489975	-1.114515807819355	0.1065678680730646	-0.2549665139476037	1.0202508594699358	1.0063488894785724	0.85095140025623	0.548764939309838	-0.3423888166576304
0.0191135585	0.0923117206	0.0339123803	-0.0235540766	0.0407562499	-0.0154770261	-0.0387127139	-0.0549572496	0.0866651266	-0.0206615624	-0.0686370817	0.0	0.0171583053221979	-0.0271031896192255	0.3431258272711943	-0.0015158813005581	-0.0009203747547505	-0.0008266989120329	0.1966503726605228	0.6745998451958652	-0.5313041948835499	-0.7496521029950923	-0.1535089239596789	-1.1128313838371733	-0.9094345483520512	0.9393387906163584	0.4277783033012142	-0.1660812885025641
-0.0384603529	-0.0998670824	-0.0638516696	-0.0335014859	-0.0095740994	0.0500684607	-0.0396972976	-0.0532172224	0.0873124307	-0.0249039727	-0.0650300582	0.0	0.0317303084818973	-0.0983638529045123	0.3254543590383889	-0.0021998834250235	-0.0009200923358678	-0.0008270139912557	0.1377341158063366	0.6483469968347177	-0.5596341795657548	1.3293106608948524	-0.1546308254413383	0.4167707670212583	-0.9353199241842388	-1.1477777183212607	0.5039452635659605	0.2290916639317958
0.1312043526	0.0253525933	-0.027684544	0.0124163073	-0.0358316221	0.0167567197	-0.0406758086	-0.0514446324	0.0878395358	-0.0290854388	-0.061174408	0.0	0.0353092245054966	-0.0338844957024093	0.2572856538670436	-0.0013898819974367	-0.0009204268326836	-0.0008266409963157	0.1767624243641775	0.9218737538961028	-0.8765628375173059	-1.3953061865774392	-0.3053219430697517	0.2224057721666399	1.083800423132408	-0.9663491467152848	0.687328039039027	-0.5521060535701862
-0.1047712108	-0.0195619731	0.0453792687	0.0793019665	0.0085230127	0.0531968725	-0.041648097	-0.0496405642	0.0882457162	-0.0331957279	-0.057084872	0.0	0.0272835988830735	-0.07922438567482	0.353442104420111	-0.0022699829476006	-0.0011600636200328	-0.0008278181031323	0.2055677083643862	0.6633064017644527	-0.5679916026957671	1.428013973670898	-0.0739450655521466	-0.9439763550861638	1.139705836317636	0.9672954139226028	-0.0419750800963551	0.7646457656109608
0.0638806106	-0.0334018766	0.0443672936	-0.0465304321	0.0848068223	0.0845299893	-0.0426140143	-0.0478061216	0.0885304127	-0.0372247816	-0.0527770856	0.0	0.0450042983152485	-0.066826243814674	0.2136911234189398	-0.0011969829062397	-0.0013440711037775	-0.0007178047491549	0.2382208662476421	0.6428184995902682	-0.6689629963397186	-0.6379145807647933	-0.1893435542968771	1.1708468870557542	-1.213637997089557	0.8463360085934949	0.7978737461874991	-0.4397104555923928
-0.0300012813	0.0652441764	-0.0811456007	0.0071694252	-0.0129935008	0.0737221268	-0.0435734126	-0.0459424272	0.0886932334	-0.0411627399	-0.0482675188	0.0	0.0175397974523718	-0.066905963000778	0.3914328630433061	-0.0018148670667807	-0.0008837507241166	-0.000826802945196	0.264646096485497	0.2203952213111813	-0.4140588639744344	-0.0785259920450419	0.0918943154542931	-1.8567793101057373	-0.6054792492371276	-1.0649678271589154	0.1576608401291423	0.2501719322337264
0.0535866715	-0.0548591584	0.0246823525	0.0538520407	-0.0570267319	-0.0382416741	-0.0445261451	-0.0440506212	0.0887339541	-0.0449999662	-0.0435734126	0.0	0.0464427656887522	-0.0874953634371991	0.2596231572357084	-0.001778354894151	-0.0009193171247399	-0.0007688182081767	0.1878052399940142	0.7691803494772992	-0.4146777469663921	0.6037355475656044	-0.144497777851286	1.1301409715790711	1.1523999090211337	-1.2131708735771278	0.7034732870883397	-0.1524239221658872
0.0088786139	0.0762844797	0.071330615	0.0306853771	0.0030237717	-0.0679010789	-0.0454720662	-0.0421318613	0.0886525188	-0.04872707	-0.0387127139	0.0	0.0272841047623586	-0.0523564042795783	0.3541305640545147	-0.0014857600968605	-0.0011830489031992	-0.0012818827305709	0.2022745818100207	0.4710255237029238	-0.5157493068712569	-0.9411911489906506	0.2548718343569327	-1.1621868030785056	1.102390688228155	0.6922661379150128	0.464771705257072	-0.6705026331336533
-0.0328059521	-0.105120029	0.0096720818	-0.0354621347	0.0580118163	0.0464289497	-0.0464110311	-0.0401873216	0.0884490397	-0.0523349304	-0.0337040064	0.0	0.0380560489872578	-0.1228156184213418	0.3550796976716412	-0.0024559404848241	-0.0013437075415878	-0.0006481507231219	0.1704088436738492	0.8327481219394584	-0.4547011193165299	1.4207632426621617	0.3033106621525092	0.5427883016104217	-0.2847305660170742	1.361014204107489	0.719946769709366	0.2078681495603975
0.0692158891	0.0596233372	0.0008299343	-0.0728321686	-0.0398585543	0.0469762023	-0.0473428961	-0.0382181918	0.0881237967	-0.0558147186	-0.0285664397	0.0	0.0330158528297346	-0.0725902490838166	0.3677486218397376	-0.0014313406326446	-0.0006917980067762	-0.0009809939975741	0.1684021227353098	0.4697761864724327	-0.3480134331416785	-1.035235662586254	0.3688524889539443	-0.4955215566872142	-1.3766543868220942	-0.5657328194481113	0.9796053756688392	-0.5734290410660385
-0.0891485679	-0.0180227595	-0.1032597515	-0.0318122288	-0.0318030504	-0.0502702376	-0.0482675188	-0.0362256768	0.0876772378	-0.0591579187	-0.0233196561	0.0	0.0410661470715325	-0.1302382004444382	0.3986465487007109	-0.0030070629523349	-0.0013427622802515	-0.0008270206062421	0.2156291716882728	0.6523177262546659	-0.6599312052582943	1.6172495419078738	0.4326211398834929	-0.4549724661981621	-0.2740553893680279	-1.3949542197012257	0.5220823133323284	0.2960060420439147
0.0796968939	-9.79292e-05	-0.0224183941	0.0213398293	-0.0883158868	0.0499434637	-0.0491847576	-0.0342109959	0.0871099775	-0.0623563496	-0.0179837153	0.0	0.0552208409358456	-0.0696614864143896	0.2822799753860323	-0.0014728885273522	-0.0011500049350134	-0.0006738477695715	0.2851032115536103	0.865570525372416	-0.7782956389829547	-0.7928502346325684	0.0803624305467515	0.3455700908564591	0.9223302842209264	-1.0441721861861246	0.8633653722485201	-1.0689634638836047
-0.1188826122	0.0194441913	0.0009880678	0.0591701486	-0.0096135674	-0.0587448682	-0.0500944723	-0.0321753817	0.0864227969	-0.065402184	-0.0125790181	0.0	0.0290805657222108	-0.0942578192774448	0.4138432154491198	-0.00279593760126	-0.0009687444878874	-0.0008993561511833	0.2687907432720575	0.3872023885417419	-0.5846485578243049	1.366185820547981	0.2765714543460002	-1.1409946444702197	1.3755650282815153	0.6789599861004101	0.3127132083695397	0.1174766872892096
0.0840643279	-0.0569305867	-0.0085737847	-0.0041927168	0.1096416177	0.0619392424	-0.0509965236	-0.03012008	0.085616642	-0.0682879683	-0.0071262281	0.0	0.051935043928637	-0.0811115294393545	0.2578343427307601	-0.0015708178496111	-0.0010000031895771	-0.0006337859988857	0.2681070710446862	0.5907942273041972	-0.637360349771798	-0.2510334739688679	-0.1503267265214453	1.1804476711959535	-0.9687738593614847	1.2118138628101012	0.9696955978093792	-0.465692897636815
-0.0201576363	0.0958186205	-0.0017443667	-0.0369025736	0.0838313145	0.0456209361	-0.0518907737	-0.0280463481	0.0846926225	-0.0710066404	-0.0016461926	0.0	0.0251750307384952	-0.0552121654264539	0.3944325548319369	-0.001860043710034	-0.0011381162447976	-0.0009510547761406	0.2264879739491341	0.1782648532667688	-0.5531650602579153	-0.3295093345459838	0.3526228753826824	-1.561676562267679	-1.2589890267021997	-0.4536561850127701	0.3377511049842664	-0.265785309095178
0.0049645889	-0.0744492643	-0.1283475109	-0.0377980461	-0.0097093347	0.0113374604	-0.0527770856	-0.0259554552	0.0836520106	-0.0735515475	0.0038401367	0.0	0.0455778702459355	-0.1093191909498898	0.3441471486432732	-0.0021638142415078	-0.0011139015054839	-0.0005517066583835	0.1611619406467698	0.6794321712066363	-0.3004974718736434	1.1343771044700626	0.0235751250806868	0.6963645583618476	-0.6560764515845952	-1.473363032414065	0.8557809687004347	-0.2106059942998624
0.0467008798	0.0901702934	-0.004309004	0.0146954892	-0.083905219	0.0522383175	-0.0536553239	-0.0238486804	0.0824962387	-0.0759164616	0.0093117842	0.0	0.0367767087808914	-0.0682321580100051	0.3411746869080474	-0.0015813958567316	-0.0010018767452357	-0.0007897926899161	0.0994871149680046	0.7759187894048197	-0.5944717589395667	-0.9978092656123124	0.1523654251130637	-0.6962670753863744	0.5414380607013218	-1.1361935042196785	0.7109586065745327	-0.5063544459043787
-0.0776807207	-0.0358279725	-0.0276956606	0.1226127971	-0.0428152912	-0.0236924153	-0.0545253541	-0.021727313	0.0812268979	-0.0780955953	0.0147478303	0.0	0.0355314828632344	-0.1200779038459245	0.3879253426157163	-0.0025902789257705	-0.0006789451605089	-0.000815880307843	0.1677367410458753	0.3594420578803315	-0.6473387424026888	1.4849516322863918	0.0612523071209387	-0.3080772312369702	1.4927090708918322	0.1547450157219767	0.4770389708389359	0.0233463243326976
0.0856781834	-0.0450664022	0.0866122007	0.019448953	0.0915801373	-0.0139141237	-0.0553870432	-0.019592651	0.0798457358	-0.0800836161	0.0201274916	0.0	0.0482129443599319	-0.0623832865235982	0.2580282822325301	-0.0014009668804167	-0.0013440143506862	-0.0006919423381311	0.29918909946436	0.8603686820574351	-0.7700472767791948	-0.8547778448488356	0.1689431250902085	0.461000514198608	0.2411996400240317	1.49630298518796	0.7100852239025065	-1.234381459203009
-0.0978060202	0.0449513907	-0.0234569559	-0.0731077812	-0.0290624442	0.0151516045	-0.0562402593	-0.0174460005	0.0783546537	-0.0818756588	0.0254302002	0.0	0.0268727181659329	-0.075292252847376	0.4022319242438499	-0.0024089748952969	-0.000930271605138	-0.0010211201218893	0.2659992617384266	0.4489916456081245	-0.3728471069424481	1.1061864972798408	0.2528477176104103	-1.237981426128458	-1.0935382366937834	0.0663890304783807	0.2886686519460689	-0.5023699345741303
0.0413617917	-0.0174660641	-0.0305018182	-0.0278514956	-0.0293506156	0.0536568706	-0.057084872	-0.015288675	0.0767557043	-0.0834673381	0.0306356825	0.0	0.0495649004729017	-0.0908147475611826	0.2795432753987228	-0.0012377984232009	-0.0010571525728444	-0.0005621547468751	0.2487544666067325	0.8361779887120159	-0.2065140086780889	-0.1255090579197592	0.0342675126469336	0.8470560472707127	0.281926424539366	-1.2120833213471272	0.948465223653977	-1.265476094644775
-0.0214356109	0.0761159316	0.0345195304	0.1117258504	-0.0196736787	0.0046294362	-0.0579207519	-0.0131219947	0.0750510888	-0.0848547588	0.0357240367	0.0	0.0261837845313834	-0.0736748514368912	0.4401642779031931	-0.0025657011474299	-0.0010858572561072	-0.0012828977058618	0.305009532894205	-0.3052775998787359	-0.2054647779683643	-0.11830568145157	0.5307072392284983	-1.807827119407642	1.5438000148618034	-0.0133115589123151	0.5537115324126158	0.0905807889405461
0.0132202183	-0.1032849186	0.0244630387	0.0286975152	0.0631206675	-0.0207594858	-0.0587477713	-0.0109472851	0.0732431539	-0.0860345257	0.0406758086	0.0	0.0433859265780967	-0.1017394112772507	0.3378326540415344	-0.0020501447294782	-0.0013430214797258	-0.0009568801618273	0.2025352350289715	0.8875162926476372	-0.2172193273025541	1.051745272778639	0.2566349107913731	0.7661990502683731	0.681040702665816	1.2913767388898088	0.9307911031852076	-0.288552914083036
0.0532935668	0.0931745259	0.0042746279	-0.1132447739	0.0326060825	0.037779831	-0.0595658037	-0.0087658771	0.0713343885	-0.0870037517	0.0454720662	0.0	0.0242233556569999	-0.076848562310829	0.403765876164968	-0.001774103113021	-0.0010870213753839	-0.0011049684440757	0.1439931421633271	0.1326741854114567	-0.2284420607034497	-1.1601010275772428	0.4198943293468694	-0.986151571008926	-1.383571081140164	0.5257001981018007	0.9325175919870756	-0.1581050887686663
-0.0762414276	-0.0595073192	-0.0703778542	-0.0308877331	-0.0365628915	-0.0111449201	-0.0603747238	-0.0065791054	0.0693274202	-0.087760065	0.0500944723	0.0	0.0174805021245987	-0.1360983731586458	0.4416934404787014	-0.0031558695360946	-0.001340977656868	-0.0012841239876384	0.1946641410999714	0.3778523572801297	-0.1959662203941964	1.9863847978418416	0.3588331210074829	-0.2571920374218027	-0.5404610161764541	-1.2486641467475457	0.7976852159046737	0.8669643307049181
0.1269640956	0.0064790565	-0.0424759511	0.0453479772	-0.0908587002	-0.009040764	-0.061174408	-0.004388308	0.067225012	-0.0883016146	0.0545253541	0.0	0.0348131303311021	-0.0892488622342284	0.3404976342152395	-0.0015645802260685	-0.0010721650215796	-0.0010698386297613	0.2690973105539627	0.713516311933319	-0.4296918498736282	-1.0891049918042337	0.3031180068324842	0.297497600527095	0.9439963764128568	-1.0823509268865743	1.337252642557585	-0.5903204640343005
-0.0743319916	0.028557787	0.0219370428	0.0638928003	-0.0371149369	-0.0756054525	-0.0619647338	-0.0021948255	0.0650300582	-0.0886270754	0.0587477713	0.0	0.0171854898680265	-0.110941831912271	0.5038669178986908	-0.0028831491534369	-0.000884908439483	-0.0014527792498945	0.2971282003044794	-0.7653088649028813	0.0709158020426766	1.3197569146560029	0.4231067466268288	-1.6550655822985916	1.6094931757635316	0.0622691168367826	0.6737761857594302	0.0698462621334346
0.0456766644	-0.0568599439	0.0765679245	-0.0404359434	0.0296085242	0.0010331133	-0.0627455805	-0.0	0.0627455805	-0.0887356509	0.0627455805	0.0	0.0382385411995045	-0.116073114174128	0.3467629480283705	-0.0017253058603937	-0.0012528981849724	-0.0012820807803609	0.2681148788669653	0.8151173231188042	-0.46515220014634	-0.0533960094148741	0.27209782723079	0.8013006270465642	-0.1631645558768481	1.5155948080571722	1.289667382643897	-0.8728134117930311
-0.0388161556	0.1405861879	-0.0008051135	0.0113928937	0.0043627986	0.0704587297	-0.0635168285	0.0021948255	0.0603747238	-0.0886270754	0.066503497	0.0	0.0088064102815934	-0.1110313907928599	0.5188048982819424	-0.0029751174618404	-0.0008433450159515	-0.0014502578459361	0.2978928963548911	-1.1921105595772203	-0.1026861666596627	0.1536549766163821	0.4877433464949461	-1.8310564613870244	-1.2560893820161807	0.1359056971460137	0.924230363847084	0.4923404325713194
0.018570663	-0.0604063705	-0.0925466427	-0.0247194261	0.0047846593	0.0505549289	-0.06427836	0.004388308	0.0579207519	-0.0883016146	0.0700071532	0.0	0.0313811963187191	-0.1401952474606389	0.4250360693032462	-0.0027298704131974	-0.0013417517901459	-0.0012838326650725	0.1910114218686509	0.5463068942379596	-0.3238205267716151	1.115319850402855	0.1846426050319884	0.5119391937902068	-0.5703732301928809	-1.3670769912768237	1.3114641494176615	0.311774256365014
0.0551089551	0.0903783084	0.0119753766	-0.0274666994	-0.0258902675	-0.03529712	-0.0650300582	0.0065791054	0.0553870432	-0.087760065	0.0732431539	0.0	0.0109357166901276	-0.1110889995070039	0.4977981420617254	-0.002258753102095	-0.001001811070336	-0.0014971317300979	0.1735316551375906	-0.7579975565573531	-0.0610801879797337	-0.6848782627157286	0.2222745054761477	-1.2060557907936176	0.7336584259430223	-1.1022275084325266	1.3661973330916843	0.7569685013798673
-0.0756411636	-0.0436878578	0.003411737	0.0992694536	-0.0300023417	-0.1044760116	-0.0657718084	0.0087658771	0.0527770856	-0.0870037517	0.0761991269	0.0	0.0139982254799235	-0.155167443442366	0.4812439637642711	-0.0033766961457307	-0.0010728365853787	-0.0012838182540991	0.1338092327564722	-0.1901475349423376	-0.0947860720510652	1.7610697481381576	0.2030169830638406	-0.4260405293393674	1.5843551041790798	0.1926948337163989	0.9801089506148002	-0.1622639107372178
0.0786447151	-0.0708842135	0.0725293278	0.0178111273	0.0803353641	-0.0197011025	-0.066503497	0.0109472851	0.0500944723	-0.0860345257	0.0788637708	0.0	0.030125913184122	-0.0990370171154069	0.365363467217648	-0.0017848637265834	-0.001342860371009	-0.0012821980089684	0.2813124330731956	0.765942309702417	-0.2707296869508761	-0.6340285936656779	0.0488368983736011	0.3765604928176089	0.2000307532944998	1.3212209390429055	1.40717127673351	-0.3533541927381988
-0.0901325069	0.0471164829	0.0226689486	-0.0445197521	0.0156043887	0.0425623416	-0.067225012	0.0131219947	0.0473428961	-0.0848547588	0.0812268979	0.0	0.0151956552878402	-0.131142535436723	0.536595041233312	-0.0030079702247219	-0.0007240734498581	-0.0012820936531901	0.3103672389866469	-1.321853023295864	-0.1852666573361143	0.7803332081833811	0.1918345630636967	-1.9913761346358447	-1.0945486446511534	0.4380434768947363	0.8210188226623163	-0.9134600525367428
-7.13842e-05	-0.114950964	-0.0681121873	-0.0080418747	-0.0116214555	0.0117266589	-0.0679362432	0.015288675	0.0445261451	-0.0834673381	0.0832794735	0.0	0.0307386545971155	-0.1090586868849499	0.4165842012496483	-0.0026513953162273	-0.0006098021663742	-0.0012818087507468	0.1811942425658021	0.5306463355142161	-0.1132862810640254	1.254708492987118	0.1211536699011139	0.7952515106400158	-0.4941025030363044	-1.263463574333901	1.3324406862802878	0.100200175239843
0.0959708907	0.0817265658	0.0439783055	0.0452964582	-0.0746162135	0.0424687613	-0.0686370817	0.0174460005	0.041648097	-0.0818756588	0.0850136499	0.0	0.0204584618354743	-0.0841532645964946	0.4277161739650665	-0.001868057855498	-0.00086780351115	-0.0012818118100862	0.0983846810077397	0.0473514683559739	-0.3591530842684441	-1.2093948258843583	0.0251396489377533	-0.8512453842428722	1.1801144402125472	-0.0537866962286854	1.2073932493844408	0.3073343950855266
-0.1226476523	-0.0080448011	0.0472289481	0.0708101525	0.0310595424	0.0136464974	-0.0693274202	0.019592651	0.0387127139	-0.0800836161	0.0864227969	0.0	0.0258611721340571	-0.1181127918089117	0.481442250613469	-0.0027890334447929	-0.0007059156293267	-0.0014954867344676	0.1579152339343824	-0.1443368132056412	0.1289414269531837	1.8172132414856117	0.2755029021702148	-0.8859780587667583	0.7045159092091692	1.2009431522680405	0.8227777087484157	-0.2046670930173651
0.0859562105	-0.0480734378	0.0263321544	-0.0430398552	0.0533101481	0.0587511578	-0.0700071532	0.021727313	0.0357240367	-0.0780955953	0.0875015271	0.0	0.0448656122159718	-0.0852882641636227	0.3332108717609117	-0.0013028482652257	-0.0010799807751624	-0.0015672078024501	0.296658916249031	0.7163012966276654	-0.1010787610387175	-0.6530315035781316	-0.2375034763503868	0.5654261139106888	-1.121322587907336	0.8320082943505471	1.2319008418388129	-0.7676572975205364
-0.0520034195	0.0835217639	-0.0739637173	-0.0187600518	0.0168896691	-0.0388626373	-0.0706761768	0.0238486804	0.0326861799	-0.0759164616	0.0882457162	0.0	0.0075115637777685	-0.1108614043001665	0.5666603889018376	-0.0029353935547756	-0.0004308729997526	-0.0017906375173455	0.421630844708428	-1.5732995306157824	0.2834307370008797	0.7870528234583	0.203994323555137	-1.989789523302203	-0.5134827105973659	-0.9792608718866468	0.9685958244700666	-0.2398479053721541
0.0481092896	-0.0698422133	-0.0317311995	0.1121739819	-0.0894047409	-0.0966827336	-0.0713343885	0.0259554552	0.0296033254	-0.0735515475	0.0886525188	0.0	0.0470220472847984	-0.1253372187180303	0.3997725450927021	-0.0017620322264469	-0.0011929784194955	-0.0017260528814068	0.3208767109345442	0.6884055935740041	0.4815960044487236	0.5903914172260567	-0.24717958429928	0.8414640894766431	1.3466593852102808	-0.6550192754086804	1.4574004007303305	0.213418521907466
0.0051030512	0.085777163	0.0704108901	0.0145901104	0.0516185631	-0.0441588606	-0.0719816876	0.0280463481	0.0264797175	-0.0710066404	0.0887203798	0.0	0.0265017129157882	-0.0956358850426255	0.524350771942153	-0.0020310663126138	-0.0010779999900139	-0.0019721022228127	0.2063029877465858	-1.4172909084438634	0.3863233032453507	-0.6566351714510634	0.2997502172379661	-1.7617754900082117	1.0320653000914273	0.8726587212575962	1.1978901936590476	0.2435862943420622
-0.0603596358	-0.068168168	0.0558330639	0.0434915073	0.0331434673	-0.1075797162	-0.0726179752	0.03012008	0.0233196561	-0.0682879683	0.0884490397	0.0	0.0345066191086829	-0.1492176569427101	0.5359798476773392	-0.0030076541872549	-0.0007112672935405	-0.0018190769683671	0.1480330451061705	-0.2701007400224862	0.4061859348641849	1.912524490119201	0.157739636013138	-0.2176205737585021	0.1987512242109118	1.3667916744135091	1.3620020303018	0.327533419797881
0.0545340713	0.0504802347	0.0401085699	-0.0687959245	0.049163998	0.0057549811	-0.0732431539	0.0321753817	0.0201274916	-0.065402184	0.0878395358	0.0	0.0424545259995596	-0.0979265462519265	0.474878923164411	-0.0016010264615734	-0.0009653020318556	-0.0021232785843601	0.2185831460940685	-0.3622949778881798	0.2202147732357109	-0.8788849086869931	0.2264758930730494	-0.6128770836851456	-1.0641927241859173	0.3578062593136	1.606389626002116	0.2408786251197473
-0.0999188899	0.0207856165	-0.0353163108	-0.0899860164	-0.0290994333	-0.0346445976	-0.0738571281	0.0342109959	0.0169076184	-0.0623563496	0.0868941985	0.0	0.0304569111540047	-0.1470301236609685	0.5470971684329271	-0.0028888961889594	-0.0003371721165541	-0.0023049956330202	0.238205272090493	-0.9757347813440398	0.2323555327261154	1.624003670420708	0.0820607338796005	-1.2915655205368397	-0.5559117906313695	-1.2070615041171031	0.972474670176908	-0.5347667609051624
0.0962941254	-0.0212034686	0.0291916133	0.033375653	-0.0605899595	0.0335878716	-0.0744598038	0.0362256768	0.0136644694	-0.0591579187	0.085616642	0.0	0.0468402638679918	-0.0917204773882076	0.3663157436564859	-0.0009309989243264	-0.0010110839528916	-0.0019729765290028	0.4006658340125841	0.6413268602215583	0.3088280505900537	-0.590122044285406	-0.0661588660493774	0.4255129487249832	1.2897815805308417	-0.443085005141915	1.4559021573651798	-0.6849380902149065
-0.0641120974	0.0401850678	0.0755005791	0.0399224372	0.0445888434	-0.1246302038	-0.0750510888	0.0382181918	0.010402509	-0.0558147186	0.0840117508	0.0	0.0207201666082426	-0.1007806638125003	0.5443214622794557	-0.002528614542837	-0.0001170194892299	-0.0019621501236034	0.3383113266855966	-1.3524607074340371	0.4308703516280979	0.897258822704701	0.0187231961317001	-2.076482925272954	0.8050033353696575	1.1251692889017213	0.8318145051414724	-0.1651855869331783
0.0581925646	-0.0565937894	0.016738769	-0.0444097328	0.0620694234	0.0459478345	-0.0756308928	0.0401873216	0.0071262281	-0.0523349304	0.0820856608	0.0	0.0490940632097078	-0.1119946138916248	0.3898460984465544	-0.0015449697117433	-0.0008392208961365	-0.0023051509896483	0.296505565715751	0.7993217261777895	0.3025626780419341	0.4061682530142779	-0.136088321422211	0.7809538586499757	-1.1855337948239677	0.923321292038034	1.5193393449570862	0.3004162814913805
-0.0035474028	0.1157069983	0.0189248937	-0.0605850461	0.0500012197	0.1020915574	-0.0761991269	0.0421318613	0.0038401367	-0.04872707	0.0798457358	0.0	0.0279006274956401	-0.0797538337058796	0.4950398375304843	-0.0015447056899099	-0.0006453178876997	-0.0021800039424184	0.1745936588587478	-1.1811691203167358	0.3645332980521071	-0.8187808863167755	0.1315343270962992	-1.94234442096566	-1.3006427169072663	0.0958739181521176	0.9861901364698396	-0.0666719516179856
-0.0947538219	-0.0688705702	-0.0582545218	0.0015256825	-0.0084676768	-0.0325747648	-0.0767557043	0.0440506212	0.0005487588	-0.0449999662	0.0773005399	0.0	0.0355616791346307	-0.1375072009300453	0.5124790920199871	-0.0026999875645299	-0.0004168890453684	-0.0023050678648579	0.158292405322199	-0.3029663163433318	0.632480887702333	2.0271536985985827	-0.0275926688245368	-0.2598325045607764	-0.3664844991312939	-1.1561174093776596	1.3145864334496138	0.1929041879218452
0.0870433613	0.0075827294	0.0323243823	0.0681157243	-0.0889718956	0.0260068947	-0.0773005399	0.0459424272	-0.0027433745	-0.0411627399	0.0744598038	0.0	0.0517464979480877	-0.0835031543794997	0.3784102168247329	-0.0012539705991422	-0.0008400557786221	-0.0023050290034198	0.2977188685632317	0.4577020441989549	0.1015800675195897	-0.8996821762792555	-0.0553465255147358	-0.186428327282013	1.260879730847551	0.1100265831128292	1.2223421519510924	-0.7209649703210631
-0.0850179563	-0.0135516503	0.0302533469	-0.0019254045	0.0478133559	-0.0275037975	-0.0778335502	0.0478061216	-0.0060317311	-0.0372247816	0.0713343885	0.0	0.02257823112717	-0.1346704298139229	0.5829097676856207	-0.0031471701516679	-0.0001358742091652	-0.0023042228461601	0.4147444570783437	-1.394530816129645	0.6477647591052099	1.679442002240481	-0.062053426615814	-1.3930361626968246	0.3402976795525962	1.3160295766731362	1.1756750099579525	0.4537192767843302
0.024452051	-0.04363256	0.0283612277	-0.0609406223	0.069655722	-0.0398206654	-0.0783546537	0.0496405642	-0.0093117842	-0.0331957279	0.0679362432	0.0	0.053444425233323	-0.1251465602075256	0.4116137629346355	-0.0012549706085192	-0.0008400551180018	-0.0023050293738308	0.3415454174463356	0.4129340288788244	0.2453690895872942	-0.2613719014280932	-0.2254201171715011	0.2234341940535939	-1.266634264768718	0.6893414503044285	1.5512824535108758	0.0524374641314171
-0.0498909432	0.0713152505	-0.0727641765	-0.0205944477	0.0284287093	-0.0234170933	-0.0788637708	0.0514446324	-0.0125790181	-0.0290854388	0.06427836	0.0	0.0178723073096591	-0.1258579496904559	0.6316723735005922	-0.002677005646576	-0.0003890694721366	-0.0025640277192237	0.3629430694382959	-2.704636072245153	0.4404088977848991	0.781006568156356	0.1415136819651293	-2.056252084259683	-0.9908158337328776	-0.6404208165609442	1.3615560476268862	0.2633031772583744
0.0434546849	-0.0437941745	-0.0001185207	-0.0300180686	-0.0609639175	0.0467345686	-0.0793608235	0.0532172224	-0.0158289351	-0.0249039727	0.0603747238	0.0	0.054766405034627	-0.1389677704416385	0.4113636454066665	-0.0015909697336535	-0.0008391683691544	-0.0023051751521418	0.3600620154211862	0.6893751394887361	-0.0264594355377223	0.4905263966289019	-0.2655066359262385	0.4430240074742489	0.3499616065688675	-1.2424305547705472	1.5044660025886054	-0.744781320415392
-0.0188325094	0.1144222551	0.0481517671	0.0298126468	-0.0310619898	-0.0020937248	-0.0798457358	0.0549572496	-0.0190570611	-0.0206615624	0.0562402593	0.0	0.0275152756086782	-0.0873865317079776	0.5328395375825039	-0.0022059017157741	-0.0007282858679547	-0.0024628065671653	0.2444805552526371	-1.5291752552644582	0.0071615947907666	-0.4487825327543409	0.0723559955484318	-1.922019397393828	1.3596826753606126	-0.0411069801608703	1.2063783237528714	0.1200927904153622
-0.0263278915	-0.1082216162	0.0285660194	0.0304050046	0.0580185275	-0.0033138033	-0.0803184336	0.0566636492	-0.0222589521	-0.0163685898	0.0518907737	0.0	0.0334180247573101	-0.1387671760384989	0.4778826044680926	-0.0022623787937366	-0.0011898928053382	-0.0023063490445696	0.1459674034906495	0.3010143069988203	0.1291815508268672	1.7661101154008172	0.1776873838236447	0.1232318400188484	0.5851347910064593	1.338228480220579	1.2846914721984728	-0.1007244075523296
0.0772955463	0.0410126239	0.0049207287	-0.0375995839	0.0406034563	0.0085691876	-0.0807788444	0.0583353771	-0.0254302002	-0.0120355605	0.0473428961	0.0	0.037834804368046	-0.0831032853576374	0.4556126336644865	-0.0011531664686068	-0.0010101722571742	-0.0023050851353524	0.1468604802207535	-0.0740360552834826	0.2418175021897745	-1.1368841122893298	0.0520568024157389	-0.5457300548422632	-1.2716716980748062	0.2975301161105078	1.5850063310279954	0.2865951431457592
-0.1198948946	-0.0033856118	-0.0598595363	-0.0432267945	-0.0358995259	0.0208504473	-0.0812268979	0.0599714105	-0.0285664397	-0.0076730782	0.0426140143	0.0	0.0346876847066539	-0.1473404728995291	0.5107588568163521	-0.0024939724271763	-0.0008371269284197	-0.0023060525893556	0.1982714674215094	-0.686426792629348	-0.0126851884448449	1.8532606340953532	0.1839081297132624	-1.4310330902295771	-0.6313258231244729	-1.3370495425486049	0.7746299800459207	-0.3990259948973017
0.0993166764	-0.0618840462	-0.0092218158	0.0303033032	-0.0214892476	0.0290099203	-0.0816625256	0.0615707483	-0.0316633531	-0.0032918186	0.037722208	0.0	0.0463855526097916	-0.1009331615434803	0.3607428489003723	-0.0014347467045938	-0.0008402295097389	-0.001773104129322	0.2878850253719313	0.6058207301631803	-0.160337198936792	-0.6604254334263546	-0.2073130438381448	0.5970735721332925	1.1184868292078989	-0.7062478288645171	1.5819329167340002	-0.3272204607305676
-0.0745967117	0.0318085026	0.0645764103	0.0612741171	0.0208075594	-0.0358795741	-0.0820856608	0.0631324118	-0.034716677	0.0010974967	0.0326861799	0.0	0.0241227583231875	-0.0950967957416963	0.5731649795511089	-0.0025439761277018	-0.0008370693639188	-0.0023060734757962	0.3227892365092397	-1.772740476654938	0.2844292196980883	0.8574549609735114	0.3570532754312529	-2.146744856887091	0.8596780462963092	1.1201728604230978	0.9354892717183428	0.0116652707122962
0.0270167254	-0.103970355	-0.0368275326	-0.0643068251	0.0430423315	0.010060729	-0.0824962387	0.0646554455	-0.037722208	0.0054841262	0.0275251839	0.0	0.041821920465594	-0.1313520944403876	0.4470379925387959	-0.0020035988127736	-0.0010639400996759	-0.0020590732178607	0.2307938632844507	0.489451348025181	0.1796491335960757	0.7204376593095931	-0.0280983735492893	0.7047494263021499	-1.2857189939268434	0.6215850266903995	1.6157090562016736	0.2887564376237352
-0.000721362	0.0857511027	-0.059530172	-0.0808418098	-0.0057851507	-0.0218704025	-0.0828941965	0.0661389174	-0.0406758086	0.0098573351	0.0222589521	0.0	0.0197706608659729	-0.0904706599046107	0.557121188549047	-0.0019071890437862	-0.0005938031938299	-0.0023050692373638	0.213643024862474	-1.808648504680078	0.2543744941780645	-0.3754910997604117	0.091770387079877	-1.858186915697409	-1.079251453129236	-0.5746751360273246	1.260649874479605	0.3365406780939143
-0.0161976739	-0.1136717997	-0.1205359966	-0.0430121506	-0.0575726756	-0.0834860452	-0.0832794735	0.0675819199	-0.0435734126	0.0142064215	0.0169076184	0.0	0.0436075237049635	-0.1342145358530899	0.4528360249696135	-0.0024258471048026	-0.0009017369333852	-0.0018670950568223	0.2350942014225633	0.5112682090934716	-0.0448018286287427	1.437861093548643	-0.0188462490024752	0.3637900092138357	-0.2041195595098306	-1.4186585014937458	1.3913881550837213	0.0097489940772434
0.0587325828	0.0594410924	-0.0103124021	0.0437980396	-0.0925775265	0.0329666671	-0.0836520106	0.0689835701	-0.0464110311	0.0185207424	0.0114916426	0.0	0.0349271897872682	-0.0766592749490087	0.4503464803740655	-0.0018092502014936	-0.0007622262471698	-0.001962196217377	0.1112855769212795	-0.2365070947921979	-0.2677063067121389	-1.007322267595156	-0.0268054071028958	-0.9224994070658442	1.2192038372244478	-0.4701408947893409	1.311435851422632	0.0056337259785209
-0.1005322278	-0.0453919797	0.0107173709	0.0458344481	0.0203160858	-0.0343267591	-0.0840117508	0.0703430101	-0.0491847576	0.0227897399	0.0060317311	0.0	0.0285912776158596	-0.153168315615062	0.5548635768391108	-0.0032608542638764	-0.0003210008098388	-0.0021470315863907	0.2912452927388822	-0.767841599028605	0.0042494546230522	2.076994832716945	0.1458906043892421	-0.7813044282996547	0.883223138026672	1.165639446479081	1.1591629429986856	0.4777913118428231
0.0762518788	-0.0216572299	0.0386563733	-0.0364251219	0.0608855806	-0.0410578397	-0.0843586391	0.0716594083	-0.0518907737	0.0270029671	0.0005487588	0.0	0.040635877933937	-0.1119201486107499	0.4493443011564864	-0.0017559753031635	-0.0009046165447805	-0.0021478010549072	0.2632752512135689	0.0873672565262995	-0.27266325059821	-0.7668461700610685	-0.0049116156709379	-0.1323214504544711	-0.6972773369113726	1.138572293220304	1.7124640675227334	0.6034498103400822
-0.0789629103	0.0377831278	-0.0392824924	-0.0565227606	-0.005054074	-0.0168704396	-0.0846926225	0.0729319592	-0.0545253541	0.0311501135	-0.0049363115	0.0	0.0175889485017677	-0.1503107261727905	0.6285282956795157	-0.0031263441768402	-0.0003050256592442	-0.0022229810683409	0.3428784901495742	-2.3163798809664438	0.3732454397625496	1.4198452965534782	-0.0114499026376791	-1.828391815788355	-1.1182721014848886	-0.1119594197474719	1.204285467522473	-0.1049620026737271
0.0514354205	-0.0781157317	-0.090554991	-0.0555001879	0.0150612721	0.0062798095	-0.0850136499	0.074159884	-0.057084872	0.0352210304	-0.010402509	0.0	0.051513803679029	-0.136101129664496	0.429874021247457	-0.0015940134769429	-0.0010099060572585	-0.0020013058739206	0.3697330407342096	0.3522531701868108	-0.0869674181411559	-0.1276647820661793	-0.2459977883747782	0.2640011161014476	-0.3643759110738561	-1.2488916206336045	1.6940900393334055	0.0913898855315575
-0.0462695473	0.0607184262	-0.0832700722	-0.0162826631	-0.0168783512	-0.0206702098	-0.0853216721	0.0753424315	-0.0595658037	0.0392057555	-0.0158289351	0.0	0.0146069423912251	-0.1358414781577437	0.6448861660854988	-0.0030480842218146	-6.672935282292514e-05	-0.0021466089944285	0.3793061861233567	-2.589553460398621	0.3206830668417461	0.7790589290540882	0.0578415675126263	-2.132046105955319	0.4280175151356984	-1.239490041946539	1.2878747819388152	0.1884816440647077
0.0630587669	-0.0726844367	-0.016187741	0.0875585343	-0.013273191	-0.0223671382	-0.085616642	0.0764788781	-0.0619647338	0.0430945375	-0.021194843	0.0	0.049411825331731	-0.1364854877608365	0.4536477343503975	-0.0017090532942124	-0.000973167004018	-0.0021478367261885	0.3390221398065637	0.3185512495337217	0.3938167609723766	0.4546217932989554	-0.193283337796346	0.4968427064144903	1.4184536997354673	-0.349547163956412	1.7417288238063906	-0.3549828893142938
-0.0252354072	0.0924980539	0.1205787167	-0.0095887011	0.02459906	-0.0159096944	-0.0858985145	0.0775685283	-0.06427836	0.04687786	-0.0264797175	0.0	0.0353626552848567	-0.1105386046763641	0.5504737875524341	-0.0024411572647288	-0.0006108802617623	-0.0021477490389964	0.1915460263315933	-1.6952236517373298	-0.1138508258845407	-0.4308234919702646	0.0589735341229361	-1.9786757862546505	0.5937556994903276	1.3485823180639855	1.2129789026510227	0.2870856239919552
0.0032639726	-0.1114549335	0.0360977914	-0.0591833215	0.0108416141	0.0687246843	-0.0861672466	0.0786107155	-0.066503497	0.0505464645	-0.0316633531	0.0	0.0501023725503557	-0.1447038594732816	0.4525831816382322	-0.0023821052993427	-0.001070045183855	-0.0020632818078952	0.1769297839056184	0.6716628773250163	0.1014966315514771	1.1592851045287342	0.0729959297238835	0.4201351999274388	-0.8980668965238527	0.8904664896233427	1.454801800714422	-0.2699318601786048
0.0441178396	0.1059306735	0.0394173838	-0.1007258417	0.0180704983	0.0106966615	-0.0864227969	0.0796048019	-0.0686370817	0.0540913734	-0.0367259315	0.0	0.0304255887680824	-0.1009328295426144	0.5291801372340927	-0.0025109099202078	-0.0008373060698176	-0.002148557176896	0.162385724503966	-1.3013215929112452	-0.0567544396440574	-0.95312015495924	0.100432486068657	-1.4853267634448553	-1.3072949352289078	-0.0145661918487369	1.486849140948805	0.3530331211034805
-0.0820923069	-0.0886293794	-0.1070035448	-0.0278871811	-0.037227046	0.0050417285	-0.0866651266	0.0805501793	-0.0706761768	0.0575039116	-0.041648097	0.0	0.0415994852471754	-0.1541227708760146	0.5369652822748776	-0.0033464081721037	-0.0008354076300922	-0.002148906994329	0.114036308305993	-0.3490659297881824	0.1177868169303864	2.1786637774040485	0.0054719453580298	-0.3158396434156885	-0.4143793242818904	-1.2535746224582898	1.306304970260083	0.1787195135170226
0.1000402624	0.0503213251	-0.0043864788	0.0536875823	-0.0893277006	-0.0410335435	-0.0868941985	0.0814462692	-0.0726179752	0.0607757281	-0.0464110311	0.0	0.0340028043537472	-0.090858970765467	0.4498643871934717	-0.0018879033282365	-0.0008384742795908	-0.0021477923327758	0.2310956838313317	-0.0491042622629357	-0.2937541124538445	-1.1485847274774672	-0.2443706349094082	-0.350377204674451	1.2890460534967652	-0.2031838911322346	1.6709252136007116	0.3505105810275541
-0.1121377589	-0.007936949	0.0301747348	0.0112876738	0.0732302966	-0.0488911702	-0.0871099775	0.0822925233	-0.0744598038	0.0638988161	-0.0509965236	0.0	0.0149892608982753	-0.1478975130254696	0.5912519545130408	-0.0034514339554017	-0.0003700503050634	-0.0022896437559402	0.3261299542778935	-1.4180580368783764	0.2221045836310549	2.1044116254934164	0.0739015718401559	-1.494443141926124	1.0309004087987972	0.9992423924482972	1.0766979911815744	-0.3880686452034824
0.0997714314	-0.0151177333	0.0333202737	-0.0374538298	0.0827072296	0.0125586217	-0.0873124307	0.0830884239	-0.0761991269	0.0668655331	-0.0553870432	0.0	0.0339583638696296	-0.1048054004875496	0.4164688242749719	-0.0019949052480762	-0.0008383602248305	-0.0021478431238532	0.3401763087063232	0.4350214112209829	-0.3278142776547578	-0.7834340778368315	-0.1335595864708789	0.5243756610806048	-0.5758198814432772	1.3200093626938454	1.9331521225431645	0.706775580986514
-0.0540736248	0.0755675029	-0.0623141533	-0.0201915861	0.0602400514	0.0435689561	-0.0875015271	0.0838334838	-0.0778335502	0.069668619	-0.0595658037	0.0	0.0072947478074922	-0.117843856509765	0.6061792903977476	-0.0025898196344174	-0.0007587214929154	-0.0021479885681707	0.2631474663358186	-2.354211634109973	0.2964238270322056	0.7274187884886193	0.2215704374336846	-2.404113033941581	-0.9699746749691268	-0.3206459619774158	1.0638757990837686	-0.7017922253865982
0.0761799507	-0.0353827922	-0.0454717746	-0.0190234705	-0.0888308458	-0.0221817932	-0.0876772378	0.0845272472	-0.0793608235	0.072301214	-0.0635168285	0.0	0.038612327251883	-0.1597685316359474	0.4412308137783327	-0.0019630433509869	-0.0010966407904795	-0.0018960767551214	0.2990211008921832	0.6723397166385562	-0.3092544969862487	0.2522650756417076	-0.2567149031328415	0.6022229713217786	0.2584621927045487	-1.386980600867726	1.8049530951272168	0.105353345250608
-0.0288873394	0.0834833014	-0.0097259399	0.0441198488	0.0083757999	-0.0616730837	-0.0878395358	0.0851692896	-0.0807788444	0.0747568758	-0.067225012	0.0	0.0072522232142517	-0.1275792197914569	0.6489290441122648	-0.0029479813235374	-0.0008360691060536	-0.0023292404959663	0.3551813161071189	-2.932252274252493	0.1681060901500317	0.0739033908078698	0.0402732666403012	-2.3003290383746937	1.191557937007807	-0.482811012499689	1.415696877227891	1.091144863229182
-0.0046904679	-0.110379661	-0.0128565297	0.0531691152	0.0354499511	-0.0192222962	-0.0879883964	0.0857592182	-0.0820856608	0.0770295951	-0.0706761768	0.0	0.0296337619487871	-0.1656338932058787	0.5281769898245585	-0.0027406761358484	-0.0010870593432099	-0.0021489977641278	0.2131151742708535	-0.1819054744005132	0.2100790606519082	1.3846862480554012	0.0546370264142164	0.3127508635526201	1.1375948736128574	0.8679524829031111	1.7878492084193742	0.9755196992108526
0.0483073274	0.0413087716	0.0043164283	-0.0947977546	0.039181245	0.053483626	-0.0881237967	0.0862966719	-0.0832794735	0.07911381	-0.0738571281	0.0	0.022968228255408	-0.101364010956928	0.5108785709843744	-0.0018852213229773	-0.0011089267536532	-0.0022025519491489	0.1347776551992889	-0.7174841587415033	-0.1820711514415573	-0.784756179791123	0.0764903372954542	-1.0226002336956048	-1.0123496294573893	0.4964166047344524	1.456652190582869	0.1069177220455156
-0.0513478644	0.0463139341	-0.105328535	0.0273667919	-0.0297323989	-0.075806486	-0.0882457162	0.086781322	-0.0843586391	0.0810044202	-0.0767557043	0.0	0.0071375835570819	-0.1685219080790148	0.6105298547474405	-0.0029443198456438	-0.0006990804948296	-0.0023240314083318	0.2621610376171289	-1.868194523427403	0.5728376868140848	1.4766473779641751	0.2398049352035653	-1.336755181737279	-0.3256921854175184	-1.5083240638436155	1.5108804473361837	0.4628035414078016
0.0022082787	-0.0557289606	0.0490399416	0.106199249	-0.0930123799	0.0170444831	-0.088354136	0.0872128719	-0.0853216721	0.082696799	-0.0793608235	0.0	0.0328152144254403	-0.1661018820828985	0.4583899594803284	-0.0018417656827239	-0.0012581588961824	-0.0020056677824028	0.2792373616416718	-0.0157003045449632	-0.2531468459351124	0.630985376929433	-0.3304196143941055	-0.4416863076693837	1.5173889696519955	-0.1930427178125887	1.1868719432374113	-2.061841889129657
0.0473694966	0.0078405821	0.0640484373	0.1371228521	0.0640390719	0.1258480987	-0.0884490397	0.0875910574	-0.0861672466	0.0841868048	-0.0816625256	0.0	0.0443477199794983	-0.1258801973360874	0.4288654693007458	-0.0023492117073892	-0.0011219790918595	-0.0021488238524413	0.1206177754317866	0.3637239876552575	-1.1386447224005432	0.3198514878333753	-0.475701617024161	0.3019858758231541	-0.3095912676129063	0.5896671721579464	1.3601560880890506	-1.1788864089859985
0.0656202038	0.1005530016	-0.0419320173	0.0479677807	-0.002592162	0.0737859548	-0.0885304127	0.0879156473	-0.0868941985	0.0854707914	-0.0836520106	0.0	0.0206922852031397	-0.0796650638492906	0.4968762422696358	-0.0017959892368498	-0.0009180732768643	-0.0021478266677621	0.1757876147427353	-0.5913387434081061	-0.3473334565567021	-0.4655910038083914	-0.5429969909078899	-1.0483564974668151	0.177913169487616	-0.7148323829201699	1.4820784870847847	0.0437114789336742
-0.07747827	-0.0423276009	0.0518445648	0.0704072086	0.0428455824	-0.0544848747	-0.0885982425	0.0881864428	-0.0875015271	0.0865456167	-0.0853216721	0.0	0.0164684900788216	-0.1580276172317809	0.5631271853507798	-0.0032677863305761	-0.0007199935431434	-0.0021486867684757	0.2323741379959924	-1.1169252958943028	-0.3407768832455715	1.5189754257845909	-0.7437227008178806	-0.8933327408990241	1.2879281346477949	0.8110751496340652	1.2735233045508954	0.4252240887980587
0.055929382	-0.0029740062	0.0550917869	-0.0464632125	-0.0028935949	0.0040635489	-0.0886525188	0.0884032783	-0.0879883964	0.0874086504	-0.0866651266	0.0	0.020212878301308	-0.1114113807623198	0.4992696357735013	-0.0028127448885556	-0.0011509814361521	-0.0021496229629756	0.158566450745681	-0.2875076588573502	-0.1522117455576252	0.0855069164085445	-0.9862407929695473	-0.0877593519707781	-1.0757289197175346	1.108098679403541	1.8534166315273557	1.3619227466853954
-0.0228906701	0.0227526212	0.0765640914	-0.0393060159	-0.1295044059	0.164713786	-0.0886932334	0.0885660212	-0.088354136	0.0880577804	-0.0876772378	0.0	0.0393725545462047	-0.1567912638187323	0.4416199572398085	-0.0026237789343642	-0.001330983239965	-0.0019182541461024	0.152206066578877	-0.1049886503406796	-1.6064559631004591	-0.0894481324932218	-0.7773643652664424	-1.1050419880286153	0.0979573192633569	-0.867784414082978	0.968108051614784	-2.7623415305569265
-0.0250812014	0.0405410272	0.0197137638	0.0574595677	0.012848934	-0.0175785828	-0.0887203798	0.0886745718	-0.0885982425	0.0884914183	-0.088354136	0.0	0.0070935810101673	-0.1305838544407151	0.6322467757120478	-0.0035840666682272	-0.0008410079084222	-0.0025090201378775	0.3511646542453388	-2.303075714822638	-0.2444040475843838	0.8108393150562484	-0.3764941535774113	-1.2996286154864884	0.8405885284123887	0.7063991828351454	1.8178397616195023	0.6975327582106957
-0.0200629273	-0.066917883	0.0205638443	-0.0749447664	-0.0390373397	-0.0110218413	-0.0887339541	0.0887288637	-0.0887203798	0.0887085029	-0.0886932334	0.0	0.039327165296541	-0.1597854526244617	0.4536167387203278	-0.001732008949436	-0.0014797428760124	-0.0020357846154195	0.3882666299038103	0.292023739165649	-0.5274678794575907	0.5765877718021615	-0.9481167252455064	-0.2296935137579175	-1.1747830076371368	0.3929818927641138	1.2704099052950395	-1.1311010090247582
